0 FILE 瓜子脸6.dat
0 瓜子脸6
0 Name:  瓜子脸6.dat
0 Author:  
0 BL_Item_No 瓜子脸6
0 BFC CERTIFY CCW
3 16 583.902 4.000 371.999 584.000 4.000 371.999 584.000 1.000 371.999
3 16 583.902 1.073 371.999 583.902 4.000 371.999 584.000 1.000 371.999
3 16 583.902 1.000 371.999 583.902 1.073 371.999 584.000 1.000 371.999
3 16 584.000 1.000 371.999 584.000 0.000 371.999 583.902 0.000 371.999
3 16 583.902 0.968 371.999 584.000 1.000 371.999 583.902 0.000 371.999
3 16 583.902 1.000 371.999 584.000 1.000 371.999 583.902 0.968 371.999
3 16 656.097 1.073 372.000 656.097 1.000 372.000 655.999 1.000 372.000
3 16 656.097 4.000 372.000 656.097 1.073 372.000 655.999 1.000 372.000
3 16 655.999 4.000 372.000 656.097 4.000 372.000 655.999 1.000 372.000
3 16 656.097 0.033 372.000 656.097 0.000 372.000 655.999 0.000 372.000
3 16 656.097 1.000 372.000 656.097 0.033 372.000 655.999 0.000 372.000
3 16 655.999 1.000 372.000 656.097 1.000 372.000 655.999 0.000 372.000
3 16 630.000 4.000 383.333 646.999 4.000 372.000 650.000 4.000 372.000
3 16 649.999 4.000 413.999 630.000 4.000 413.999 650.000 4.000 372.000
3 16 649.999 4.000 413.999 650.000 4.000 372.000 650.272 4.000 372.000
3 16 655.999 4.000 413.999 649.999 4.000 413.999 650.272 4.000 372.000
3 16 655.999 4.000 372.000 655.999 4.000 413.999 650.272 4.000 372.000
3 16 584.000 4.000 371.999 600.000 4.000 371.999 600.000 4.000 403.333
3 16 610.000 4.000 396.666 600.000 4.000 403.333 600.000 4.000 371.999
3 16 610.000 4.000 372.000 610.000 4.000 396.666 600.000 4.000 371.999
3 16 630.000 4.000 383.333 610.000 4.000 396.666 610.000 4.000 372.000
3 16 630.000 4.000 372.000 630.000 4.000 383.333 610.000 4.000 372.000
3 16 646.999 4.000 372.000 630.000 4.000 383.333 630.000 4.000 372.000
3 16 650.000 8.000 372.000 643.999 8.000 372.000 630.000 8.000 382.499
3 16 659.999 8.000 419.999 660.000 8.000 372.000 650.857 8.000 372.000
3 16 659.999 8.000 419.999 650.857 8.000 372.000 650.000 8.000 372.000
3 16 649.999 8.000 419.999 659.999 8.000 419.999 650.000 8.000 372.000
3 16 580.000 8.000 371.999 580.000 8.000 419.999 600.000 8.000 371.999
3 16 600.000 8.000 404.999 610.000 8.000 397.499 610.000 8.000 372.000
3 16 600.000 8.000 371.999 600.000 8.000 404.999 610.000 8.000 372.000
3 16 610.000 8.000 397.499 630.000 8.000 382.499 630.000 8.000 372.000
3 16 610.000 8.000 372.000 610.000 8.000 397.499 630.000 8.000 372.000
3 16 630.000 8.000 372.000 630.000 8.000 382.499 643.999 8.000 372.000
3 16 584.000 0.000 371.999 584.000 0.000 413.999 583.657 0.000 371.999
3 16 581.000 0.000 418.499 581.000 0.000 371.999 583.657 0.000 371.999
3 16 584.000 0.000 413.999 655.999 0.000 413.999 658.999 0.000 418.499
3 16 658.999 0.000 418.499 581.000 0.000 418.499 584.000 0.000 413.999
3 16 655.999 0.000 413.999 655.999 0.000 372.000 658.399 0.000 372.000
3 16 658.999 0.000 372.000 658.999 0.000 418.499 658.399 0.000 372.000
3 16 581.000 1.000 372.428 581.000 1.000 418.499 580.822 1.000 372.428
3 16 580.813 1.000 372.428 580.000 1.000 419.999 580.000 1.000 372.428
3 16 581.000 1.000 418.499 658.999 1.000 418.499 659.999 1.000 419.999
3 16 659.999 1.000 419.999 580.000 1.000 419.999 581.000 1.000 418.499
3 16 659.787 1.000 372.428 658.999 1.000 418.499 658.999 1.000 372.428
3 16 659.999 1.000 372.428 659.999 1.000 419.999 659.796 1.000 372.428
3 16 649.999 8.000 419.999 650.000 8.000 372.000 630.000 8.000 382.499
3 16 630.000 8.000 419.999 649.999 8.000 419.999 630.000 8.000 382.499
3 16 580.000 8.000 419.999 630.000 8.000 419.999 630.000 8.000 382.499
3 16 655.999 0.000 413.999 655.999 4.000 413.999 655.999 0.500 372.000
3 16 655.999 0.000 372.000 655.999 0.000 413.999 655.999 0.500 372.000
3 16 655.999 4.000 413.999 655.999 4.000 372.000 655.999 0.500 372.000
3 16 659.999 1.000 419.999 660.000 1.000 372.000 659.999 2.400 372.000
3 16 659.999 8.000 419.999 659.999 1.000 419.999 659.999 2.400 372.000
3 16 659.999 8.000 372.000 659.999 8.000 419.999 659.999 2.400 372.000
3 16 580.000 1.000 371.999 580.000 1.000 419.999 580.000 6.600 371.999
3 16 580.000 8.000 419.999 580.000 8.000 371.999 580.000 6.600 371.999
3 16 580.000 1.000 419.999 580.000 8.000 419.999 580.000 6.600 371.999
3 16 658.999 1.000 418.499 658.999 0.000 418.499 658.999 0.808 372.428
3 16 658.999 0.818 372.428 658.999 1.000 418.499 658.999 0.808 372.428
3 16 658.999 1.000 372.428 658.999 1.000 418.499 658.999 0.818 372.428
3 16 658.999 0.808 372.428 658.999 0.000 418.499 658.999 0.000 372.428
3 16 581.000 0.192 372.428 581.000 1.000 418.499 581.000 1.000 372.428
3 16 581.000 0.000 418.499 581.000 1.000 418.499 581.000 0.192 372.428
3 16 581.000 0.183 372.428 581.000 0.000 418.499 581.000 0.192 372.428
3 16 581.000 0.000 372.428 581.000 0.000 418.499 581.000 0.183 372.428
3 16 584.000 0.000 413.999 584.000 0.000 371.999 584.000 3.500 371.999
3 16 584.000 4.000 413.999 584.000 0.000 413.999 584.000 3.500 371.999
3 16 584.000 4.000 371.999 584.000 4.000 413.999 584.000 3.500 371.999
3 16 658.999 1.000 418.499 581.000 1.000 418.499 581.000 0.000 418.499
3 16 581.000 0.000 418.499 658.999 0.000 418.499 658.999 1.000 418.499
3 16 655.999 0.000 413.999 584.000 0.000 413.999 584.000 4.000 413.999
3 16 584.000 4.000 413.999 655.999 4.000 413.999 655.999 0.000 413.999
3 16 580.000 8.000 419.999 580.000 1.000 419.999 659.999 1.000 419.999
3 16 659.999 1.000 419.999 659.999 8.000 419.999 580.000 8.000 419.999
3 16 659.999 1.000 419.999 658.999 1.000 418.499 659.787 1.000 372.428
3 16 659.796 1.000 372.428 659.999 1.000 419.999 659.787 1.000 372.428
3 16 581.000 1.000 418.499 580.000 1.000 419.999 580.813 1.000 372.428
3 16 580.822 1.000 372.428 581.000 1.000 418.499 580.813 1.000 372.428
3 16 658.999 0.000 418.499 655.999 0.000 413.999 658.399 0.000 372.000
3 16 630.000 4.000 413.999 584.000 4.000 413.999 630.000 4.000 383.333
3 16 584.000 0.000 413.999 581.000 0.000 418.499 583.657 0.000 371.999
3 16 580.000 8.000 419.999 600.000 8.000 404.999 600.000 8.000 371.999
3 16 584.000 4.000 413.999 584.000 4.000 371.999 600.000 4.000 403.333
3 16 630.000 4.000 413.999 630.000 4.000 383.333 650.000 4.000 372.000
3 16 659.752 4.000 370.756 659.749 4.000 370.744 659.860 4.000 370.744
3 16 649.860 4.000 371.805 652.146 4.000 370.744 656.097 4.000 370.744
3 16 656.097 4.000 371.143 649.860 4.000 371.805 656.097 4.000 370.744
3 16 659.753 4.000 370.761 659.752 4.000 370.756 659.860 4.000 370.744
3 16 649.860 4.000 372.000 649.860 4.000 371.805 656.097 4.000 371.143
3 16 651.969 4.000 372.000 649.860 4.000 372.000 656.097 4.000 371.143
3 16 656.097 4.000 371.343 651.969 4.000 372.000 656.097 4.000 371.143
3 16 659.860 4.000 371.217 659.753 4.000 370.761 659.860 4.000 370.744
3 16 656.097 4.000 372.000 651.969 4.000 372.000 656.097 4.000 371.343
3 16 649.860 4.000 372.000 649.440 4.000 372.000 649.860 4.000 371.805
3 16 649.860 4.000 371.805 649.860 4.000 371.519 650.946 4.000 370.744
3 16 652.146 4.000 370.744 649.860 4.000 371.805 650.946 4.000 370.744
3 16 649.440 4.000 372.000 649.187 4.000 372.000 649.860 4.000 371.519
3 16 649.860 4.000 371.805 649.440 4.000 372.000 649.860 4.000 371.519
3 16 648.175 4.000 372.000 646.146 4.000 370.744 649.860 4.000 370.744
3 16 648.958 4.000 372.000 648.175 4.000 372.000 649.860 4.000 370.744
3 16 649.187 4.000 372.000 648.958 4.000 372.000 649.860 4.000 370.744
3 16 649.860 4.000 371.519 649.187 4.000 372.000 649.860 4.000 370.744
3 16 650.946 4.000 370.744 649.860 4.000 371.519 649.860 4.000 370.744
3 16 646.848 4.000 372.000 639.860 4.000 372.000 639.860 4.000 370.744
3 16 648.175 4.000 372.000 646.848 4.000 372.000 639.860 4.000 370.744
3 16 646.146 4.000 370.744 648.175 4.000 372.000 639.860 4.000 370.744
3 16 645.825 8.000 372.000 643.572 8.000 370.744 639.860 8.000 370.744
3 16 645.042 8.000 372.000 645.825 8.000 372.000 639.860 8.000 370.744
3 16 639.860 8.000 372.000 645.042 8.000 372.000 639.860 8.000 370.744
3 16 654.746 8.000 372.000 659.860 8.000 372.000 659.860 8.000 371.793
3 16 649.860 8.000 372.000 649.860 8.000 370.744 644.047 8.000 370.744
3 16 649.071 8.000 372.000 649.860 8.000 372.000 644.047 8.000 370.744
3 16 645.926 8.000 372.000 649.071 8.000 372.000 644.047 8.000 370.744
3 16 659.860 8.000 371.793 654.405 8.000 370.744 649.860 8.000 370.744
3 16 654.746 8.000 372.000 659.860 8.000 371.793 649.860 8.000 370.744
3 16 649.860 8.000 372.000 654.746 8.000 372.000 649.860 8.000 370.744
3 16 645.825 8.000 372.000 645.926 8.000 372.000 644.047 8.000 370.744
3 16 643.572 8.000 370.744 645.825 8.000 372.000 644.047 8.000 370.744
3 16 654.405 8.000 370.744 659.860 8.000 371.793 654.901 8.000 370.744
3 16 654.901 8.000 370.744 659.860 8.000 371.793 657.380 8.000 370.744
3 16 657.380 8.000 370.744 659.860 8.000 371.793 659.860 8.000 370.744
3 16 659.860 4.000 371.216 659.860 4.000 370.744 659.860 4.800 370.744
3 16 659.860 4.563 371.216 659.860 4.000 371.216 659.860 4.800 370.744
3 16 659.860 4.563 371.216 659.860 4.800 370.744 659.860 8.000 370.744
3 16 659.860 6.813 371.216 659.860 4.563 371.216 659.860 8.000 370.744
3 16 659.860 8.000 371.216 659.860 6.813 371.216 659.860 8.000 370.744
3 16 659.749 8.000 370.744 659.860 8.000 370.744 659.860 4.000 370.744
3 16 659.749 4.044 370.744 659.749 8.000 370.744 659.860 4.000 370.744
3 16 659.749 4.000 370.744 659.749 4.044 370.744 659.860 4.000 370.744
3 16 639.860 4.000 364.885 639.860 4.000 364.264 650.000 4.000 364.264
3 16 649.329 4.000 370.744 639.860 4.000 364.885 650.000 4.000 364.264
3 16 650.000 4.000 370.744 649.329 4.000 370.744 650.000 4.000 364.264
3 16 639.860 4.000 364.885 638.857 4.000 364.264 639.860 4.000 364.264
3 16 644.000 4.000 363.309 640.000 4.000 363.734 641.271 4.000 363.144
3 16 644.000 4.000 363.144 644.000 4.000 363.309 641.271 4.000 363.144
3 16 644.000 4.000 363.309 644.000 4.000 362.673 650.000 4.000 362.673
3 16 640.000 4.000 364.264 640.000 4.000 363.734 650.000 4.000 362.673
3 16 650.000 4.000 364.264 640.000 4.000 364.264 650.000 4.000 362.673
3 16 640.000 4.000 364.264 638.857 4.000 364.264 640.000 4.000 363.734
3 16 640.000 4.000 363.734 640.000 4.000 363.448 640.426 4.000 363.144
3 16 640.604 4.000 363.144 640.000 4.000 363.734 640.426 4.000 363.144
3 16 641.271 4.000 363.144 640.000 4.000 363.734 640.604 4.000 363.144
3 16 640.000 4.000 363.734 638.857 4.000 364.264 640.000 4.000 363.448
3 16 638.857 4.000 364.264 636.286 4.000 362.673 640.000 4.000 362.673
3 16 640.000 4.000 363.448 638.857 4.000 364.264 640.000 4.000 362.673
3 16 640.426 4.000 363.144 640.000 4.000 363.448 640.000 4.000 363.144
3 16 639.860 4.000 364.980 639.860 4.000 364.885 649.329 4.000 370.744
3 16 647.933 4.000 370.744 639.860 4.000 364.980 649.329 4.000 370.744
3 16 639.860 4.000 364.980 638.857 4.000 364.264 639.860 4.000 364.885
3 16 647.933 4.000 370.744 645.548 4.000 370.744 639.860 4.000 368.859
3 16 639.860 4.000 364.980 647.933 4.000 370.744 639.860 4.000 368.859
3 16 639.860 4.000 364.980 639.860 4.000 368.859 630.000 4.000 365.590
3 16 638.857 4.000 364.264 639.860 4.000 364.980 630.000 4.000 365.590
3 16 630.000 4.000 364.264 638.857 4.000 364.264 630.000 4.000 365.590
3 16 639.860 4.000 370.744 639.860 4.000 368.859 645.548 4.000 370.744
3 16 630.000 4.000 372.000 630.000 4.000 365.590 639.860 4.000 368.859
3 16 639.860 4.000 372.000 630.000 4.000 372.000 639.860 4.000 368.859
3 16 638.857 4.000 364.264 630.000 4.000 364.264 630.000 4.000 362.673
3 16 636.286 4.000 362.673 638.857 4.000 364.264 630.000 4.000 362.673
3 16 639.860 8.000 372.000 639.860 8.000 371.278 630.000 8.000 370.363
3 16 630.000 8.000 372.000 639.860 8.000 372.000 630.000 8.000 370.363
3 16 636.568 8.000 364.264 633.712 8.000 362.673 630.000 8.000 362.673
3 16 630.000 8.000 364.264 636.568 8.000 364.264 630.000 8.000 362.673
3 16 636.568 8.000 364.264 650.000 8.000 364.264 650.000 8.000 363.722
3 16 640.000 8.000 364.126 640.000 8.000 362.673 634.187 8.000 362.673
3 16 636.568 8.000 364.264 640.000 8.000 364.126 634.187 8.000 362.673
3 16 650.000 8.000 363.722 644.545 8.000 362.673 640.000 8.000 362.673
3 16 640.000 8.000 364.126 650.000 8.000 363.722 640.000 8.000 362.673
3 16 633.712 8.000 362.673 636.568 8.000 364.264 634.187 8.000 362.673
3 16 644.545 8.000 362.673 650.000 8.000 363.722 645.041 8.000 362.673
3 16 645.041 8.000 362.673 650.000 8.000 363.722 647.520 8.000 362.673
3 16 647.520 8.000 362.673 650.000 8.000 363.722 650.000 8.000 362.673
3 16 647.508 8.000 370.744 648.199 8.000 370.744 639.860 8.000 366.098
3 16 639.860 8.000 366.214 647.508 8.000 370.744 639.860 8.000 366.098
3 16 639.860 8.000 366.214 639.860 8.000 366.098 636.568 8.000 364.264
3 16 639.860 8.000 370.744 647.508 8.000 370.744 639.860 8.000 366.214
3 16 639.860 8.000 366.214 636.568 8.000 364.264 630.000 8.000 370.363
3 16 639.860 8.000 371.278 639.860 8.000 366.214 630.000 8.000 370.363
3 16 648.199 8.000 370.744 650.000 8.000 370.744 650.000 8.000 364.264
3 16 639.860 8.000 366.098 648.199 8.000 370.744 650.000 8.000 364.264
3 16 639.860 8.000 364.264 639.860 8.000 366.098 650.000 8.000 364.264
3 16 639.860 8.000 364.264 636.568 8.000 364.264 639.860 8.000 366.098
3 16 630.000 8.000 370.363 636.568 8.000 364.264 630.000 8.000 364.264
3 16 630.000 4.000 370.744 624.882 4.000 370.744 620.000 4.000 367.119
3 16 630.000 4.000 369.783 630.000 4.000 370.744 620.000 4.000 367.119
3 16 630.000 4.000 372.000 626.573 4.000 372.000 624.882 4.000 370.744
3 16 630.000 4.000 370.744 630.000 4.000 372.000 624.882 4.000 370.744
3 16 630.000 4.000 365.634 630.000 4.000 369.783 620.000 4.000 367.119
3 16 630.000 4.000 364.149 630.000 4.000 365.634 620.000 4.000 367.119
3 16 620.000 4.000 364.149 630.000 4.000 364.149 620.000 4.000 367.119
3 16 620.000 4.000 372.000 620.000 4.000 367.119 626.573 4.000 372.000
3 16 630.000 4.000 356.900 630.000 4.000 356.193 640.000 4.000 356.193
3 16 639.329 4.000 362.673 630.000 4.000 356.900 640.000 4.000 356.193
3 16 640.000 4.000 362.673 639.329 4.000 362.673 640.000 4.000 356.193
3 16 630.000 4.000 356.900 628.857 4.000 356.193 630.000 4.000 356.193
3 16 630.000 4.000 355.663 632.286 4.000 354.602 640.000 4.000 354.602
3 16 630.000 4.000 356.193 630.000 4.000 355.663 640.000 4.000 354.602
3 16 640.000 4.000 356.193 630.000 4.000 356.193 640.000 4.000 354.602
3 16 630.000 4.000 356.193 628.857 4.000 356.193 630.000 4.000 355.663
3 16 630.000 4.000 355.663 630.000 4.000 355.377 631.086 4.000 354.602
3 16 632.286 4.000 354.602 630.000 4.000 355.663 631.086 4.000 354.602
3 16 630.000 4.000 355.663 628.857 4.000 356.193 630.000 4.000 355.377
3 16 628.857 4.000 356.193 626.286 4.000 354.602 630.000 4.000 354.602
3 16 630.000 4.000 355.377 628.857 4.000 356.193 630.000 4.000 354.602
3 16 631.086 4.000 354.602 630.000 4.000 355.377 630.000 4.000 354.602
3 16 630.000 4.000 357.009 630.000 4.000 356.900 639.329 4.000 362.673
3 16 637.933 4.000 362.673 630.000 4.000 357.009 639.329 4.000 362.673
3 16 630.000 4.000 357.009 628.857 4.000 356.193 630.000 4.000 356.900
3 16 637.933 4.000 362.673 635.547 4.000 362.673 630.000 4.000 360.834
3 16 630.000 4.000 357.009 637.933 4.000 362.673 630.000 4.000 360.834
3 16 630.000 4.000 357.009 630.000 4.000 360.834 620.000 4.000 357.519
3 16 628.857 4.000 356.193 630.000 4.000 357.009 620.000 4.000 357.519
3 16 620.000 4.000 356.193 628.857 4.000 356.193 620.000 4.000 357.519
3 16 630.000 4.000 362.673 630.000 4.000 360.834 635.547 4.000 362.673
3 16 630.000 4.000 360.834 630.000 4.000 364.149 620.000 4.000 364.149
3 16 620.000 4.000 357.519 630.000 4.000 360.834 620.000 4.000 364.149
3 16 628.857 4.000 356.193 620.000 4.000 356.193 620.000 4.000 354.602
3 16 626.286 4.000 354.602 628.857 4.000 356.193 620.000 4.000 354.602
3 16 620.000 8.000 372.000 627.691 8.000 372.000 620.000 8.000 371.382
3 16 637.508 8.000 362.673 638.199 8.000 362.673 630.000 8.000 358.105
3 16 630.000 8.000 358.226 637.508 8.000 362.673 630.000 8.000 358.105
3 16 630.000 8.000 358.226 630.000 8.000 358.105 626.568 8.000 356.193
3 16 630.000 8.000 362.673 637.508 8.000 362.673 630.000 8.000 358.226
3 16 630.000 8.000 358.226 626.568 8.000 356.193 620.000 8.000 362.292
3 16 630.000 8.000 363.220 630.000 8.000 358.226 620.000 8.000 362.292
3 16 630.000 8.000 364.149 630.000 8.000 363.220 620.000 8.000 362.292
3 16 620.000 8.000 364.149 630.000 8.000 364.149 620.000 8.000 362.292
3 16 620.000 8.000 362.292 626.568 8.000 356.193 620.000 8.000 356.193
3 16 626.568 8.000 356.193 623.712 8.000 354.602 620.000 8.000 354.602
3 16 620.000 8.000 356.193 626.568 8.000 356.193 620.000 8.000 354.602
3 16 638.199 8.000 362.673 640.000 8.000 362.673 640.000 8.000 356.193
3 16 630.000 8.000 358.105 638.199 8.000 362.673 640.000 8.000 356.193
3 16 630.000 8.000 356.193 630.000 8.000 358.105 640.000 8.000 356.193
3 16 630.000 8.000 356.193 626.568 8.000 356.193 630.000 8.000 358.105
3 16 626.568 8.000 356.193 640.000 8.000 356.193 640.000 8.000 355.651
3 16 630.000 8.000 356.055 630.000 8.000 354.602 624.187 8.000 354.602
3 16 626.568 8.000 356.193 630.000 8.000 356.055 624.187 8.000 354.602
3 16 640.000 8.000 355.651 634.545 8.000 354.602 630.000 8.000 354.602
3 16 630.000 8.000 356.055 640.000 8.000 355.651 630.000 8.000 354.602
3 16 623.712 8.000 354.602 626.568 8.000 356.193 624.187 8.000 354.602
3 16 634.545 8.000 354.602 640.000 8.000 355.651 635.041 8.000 354.602
3 16 635.041 8.000 354.602 640.000 8.000 355.651 637.520 8.000 354.602
3 16 637.520 8.000 354.602 640.000 8.000 355.651 640.000 8.000 354.602
3 16 630.000 8.000 372.000 630.000 8.000 371.382 629.145 8.000 372.000
3 16 630.000 8.000 367.765 630.000 8.000 364.149 620.000 8.000 364.149
3 16 621.763 8.000 370.744 630.000 8.000 367.765 620.000 8.000 364.149
3 16 620.000 8.000 370.744 621.763 8.000 370.744 620.000 8.000 364.149
3 16 620.000 8.000 370.744 620.000 8.000 371.382 621.763 8.000 370.744
3 16 630.000 8.000 370.744 630.000 8.000 367.765 621.763 8.000 370.744
3 16 630.000 8.000 370.744 621.763 8.000 370.744 620.000 8.000 371.382
3 16 630.000 8.000 371.382 630.000 8.000 370.744 620.000 8.000 371.382
3 16 629.145 8.000 372.000 630.000 8.000 371.382 620.000 8.000 371.382
3 16 627.691 8.000 372.000 629.145 8.000 372.000 620.000 8.000 371.382
3 16 618.961 4.000 372.000 620.000 4.000 370.514 619.600 4.000 372.000
3 16 620.000 4.000 364.149 620.000 4.000 370.514 618.961 4.000 372.000
3 16 618.731 4.000 372.000 620.000 4.000 364.149 618.961 4.000 372.000
3 16 618.319 4.000 372.000 606.573 4.000 371.999 600.000 4.000 367.119
3 16 618.731 4.000 372.000 618.319 4.000 372.000 600.000 4.000 367.119
3 16 620.000 4.000 364.149 618.731 4.000 372.000 600.000 4.000 367.119
3 16 600.000 4.000 364.149 620.000 4.000 364.149 600.000 4.000 367.119
3 16 600.000 4.000 371.999 600.000 4.000 367.119 606.573 4.000 371.999
3 16 620.000 4.000 363.088 608.857 4.000 356.193 620.000 4.000 356.193
3 16 610.000 4.000 355.663 612.286 4.000 354.602 620.000 4.000 354.602
3 16 610.000 4.000 356.193 610.000 4.000 355.663 620.000 4.000 354.602
3 16 620.000 4.000 356.193 610.000 4.000 356.193 620.000 4.000 354.602
3 16 610.000 4.000 356.193 608.857 4.000 356.193 610.000 4.000 355.663
3 16 610.000 4.000 355.663 610.000 4.000 355.377 611.086 4.000 354.602
3 16 612.286 4.000 354.602 610.000 4.000 355.663 611.086 4.000 354.602
3 16 610.000 4.000 355.663 608.857 4.000 356.193 610.000 4.000 355.377
3 16 608.857 4.000 356.193 606.286 4.000 354.602 610.000 4.000 354.602
3 16 610.000 4.000 355.377 608.857 4.000 356.193 610.000 4.000 354.602
3 16 611.086 4.000 354.602 610.000 4.000 355.377 610.000 4.000 354.602
3 16 608.857 4.000 356.193 620.000 4.000 363.088 620.000 4.000 364.149
3 16 608.857 4.000 356.193 620.000 4.000 364.149 600.000 4.000 357.519
3 16 600.000 4.000 356.193 608.857 4.000 356.193 600.000 4.000 357.519
3 16 600.000 4.000 357.519 620.000 4.000 364.149 600.000 4.000 364.149
3 16 608.857 4.000 356.193 600.000 4.000 356.193 600.000 4.000 354.602
3 16 606.286 4.000 354.602 608.857 4.000 356.193 600.000 4.000 354.602
3 16 619.600 4.000 372.000 620.000 4.000 370.514 620.000 4.000 372.000
3 16 618.905 8.000 372.000 620.000 8.000 367.576 618.534 8.000 372.000
3 16 600.000 8.000 371.999 607.691 8.000 371.999 600.000 8.000 371.382
3 16 620.000 8.000 364.149 620.000 8.000 363.676 606.568 8.000 356.193
3 16 620.000 8.000 364.149 606.568 8.000 356.193 600.000 8.000 362.292
3 16 600.000 8.000 364.149 620.000 8.000 364.149 600.000 8.000 362.292
3 16 600.000 8.000 362.292 606.568 8.000 356.193 600.000 8.000 356.193
3 16 606.568 8.000 356.193 603.712 8.000 354.602 600.000 8.000 354.602
3 16 600.000 8.000 356.193 606.568 8.000 356.193 600.000 8.000 354.602
3 16 606.568 8.000 356.193 620.000 8.000 363.676 620.000 8.000 356.193
3 16 606.568 8.000 356.193 620.000 8.000 356.193 620.000 8.000 355.651
3 16 610.000 8.000 356.055 610.000 8.000 354.602 604.187 8.000 354.602
3 16 606.568 8.000 356.193 610.000 8.000 356.055 604.187 8.000 354.602
3 16 620.000 8.000 355.651 614.545 8.000 354.602 610.000 8.000 354.602
3 16 610.000 8.000 356.055 620.000 8.000 355.651 610.000 8.000 354.602
3 16 603.712 8.000 354.602 606.568 8.000 356.193 604.187 8.000 354.602
3 16 614.545 8.000 354.602 620.000 8.000 355.651 615.041 8.000 354.602
3 16 615.041 8.000 354.602 620.000 8.000 355.651 617.520 8.000 354.602
3 16 617.520 8.000 354.602 620.000 8.000 355.651 620.000 8.000 354.602
3 16 620.000 8.000 372.000 620.000 8.000 367.576 618.905 8.000 372.000
3 16 618.475 8.000 372.000 620.000 8.000 364.149 609.145 8.000 371.999
3 16 600.000 8.000 371.382 620.000 8.000 364.149 600.000 8.000 364.149
3 16 620.000 8.000 367.576 620.000 8.000 364.149 618.475 8.000 372.000
3 16 618.534 8.000 372.000 620.000 8.000 367.576 618.475 8.000 372.000
3 16 609.145 8.000 371.999 620.000 8.000 364.149 600.000 8.000 371.382
3 16 607.691 8.000 371.999 609.145 8.000 371.999 600.000 8.000 371.382
3 16 620.000 4.000 350.901 622.286 4.000 349.840 630.000 4.000 349.840
3 16 620.000 4.000 351.431 620.000 4.000 350.901 630.000 4.000 349.840
3 16 630.000 4.000 351.431 620.000 4.000 351.431 630.000 4.000 349.840
3 16 620.000 4.000 351.431 618.857 4.000 351.431 620.000 4.000 350.901
3 16 620.000 4.000 350.901 620.000 4.000 350.615 621.086 4.000 349.840
3 16 622.286 4.000 349.840 620.000 4.000 350.901 621.086 4.000 349.840
3 16 620.000 4.000 350.901 618.857 4.000 351.431 620.000 4.000 350.615
3 16 618.857 4.000 351.431 616.286 4.000 349.840 620.000 4.000 349.840
3 16 620.000 4.000 350.615 618.857 4.000 351.431 620.000 4.000 349.840
3 16 621.086 4.000 349.840 620.000 4.000 350.615 620.000 4.000 349.840
3 16 610.000 4.000 351.431 618.857 4.000 351.431 610.000 4.000 352.757
3 16 618.857 4.000 351.431 610.000 4.000 351.431 610.000 4.000 349.840
3 16 616.286 4.000 349.840 618.857 4.000 351.431 610.000 4.000 349.840
3 16 621.921 8.000 354.602 622.259 8.000 354.602 616.568 8.000 351.431
3 16 621.921 8.000 354.602 616.568 8.000 351.431 613.153 8.000 354.602
3 16 613.153 8.000 354.602 616.568 8.000 351.431 610.000 8.000 351.431
3 16 610.000 8.000 354.602 613.153 8.000 354.602 610.000 8.000 351.431
3 16 616.568 8.000 351.431 613.712 8.000 349.840 610.000 8.000 349.840
3 16 610.000 8.000 351.431 616.568 8.000 351.431 610.000 8.000 349.840
3 16 622.259 8.000 354.602 630.000 8.000 354.602 630.000 8.000 351.431
3 16 616.568 8.000 351.431 622.259 8.000 354.602 630.000 8.000 351.431
3 16 616.568 8.000 351.431 630.000 8.000 351.431 630.000 8.000 350.889
3 16 620.000 8.000 351.293 620.000 8.000 349.840 614.187 8.000 349.840
3 16 616.568 8.000 351.431 620.000 8.000 351.293 614.187 8.000 349.840
3 16 630.000 8.000 350.889 624.545 8.000 349.840 620.000 8.000 349.840
3 16 620.000 8.000 351.293 630.000 8.000 350.889 620.000 8.000 349.840
3 16 613.712 8.000 349.840 616.568 8.000 351.431 614.187 8.000 349.840
3 16 624.545 8.000 349.840 630.000 8.000 350.889 625.041 8.000 349.840
3 16 625.041 8.000 349.840 630.000 8.000 350.889 627.520 8.000 349.840
3 16 627.520 8.000 349.840 630.000 8.000 350.889 630.000 8.000 349.840
3 16 623.981 4.000 354.602 618.857 4.000 351.431 630.000 4.000 351.431
3 16 630.000 4.000 354.602 623.981 4.000 354.602 630.000 4.000 351.431
3 16 623.298 4.000 354.602 618.857 4.000 351.431 623.981 4.000 354.602
3 16 623.298 4.000 354.602 615.565 4.000 354.602 610.000 4.000 352.757
3 16 618.857 4.000 351.431 623.298 4.000 354.602 610.000 4.000 352.757
3 16 610.000 4.000 354.602 610.000 4.000 352.757 615.565 4.000 354.602
3 16 610.000 8.000 349.840 620.000 8.000 349.840 620.000 4.000 349.840
3 16 610.000 4.000 349.840 610.000 8.000 349.840 620.000 4.000 349.840
3 16 620.000 8.000 349.840 630.000 8.000 349.840 630.000 4.000 349.840
3 16 620.000 4.000 349.840 620.000 8.000 349.840 630.000 4.000 349.840
3 16 643.642 8.000 359.915 644.780 8.000 359.915 640.000 8.000 353.749
3 16 640.000 8.000 354.173 643.642 8.000 359.915 640.000 8.000 353.749
3 16 646.918 8.000 362.673 644.780 8.000 359.915 646.140 8.000 362.673
3 16 650.000 8.000 367.986 651.037 8.000 367.986 650.000 8.000 366.649
3 16 645.418 8.000 362.673 646.140 8.000 362.673 644.780 8.000 359.915
3 16 645.391 8.000 362.673 645.418 8.000 362.673 644.780 8.000 359.915
3 16 643.642 8.000 359.915 645.391 8.000 362.673 644.780 8.000 359.915
3 16 650.000 8.000 365.516 650.000 8.000 366.649 651.037 8.000 367.986
3 16 653.133 8.000 367.986 650.000 8.000 365.516 651.037 8.000 367.986
3 16 644.780 8.000 359.915 645.828 8.000 359.915 640.000 8.000 353.476
3 16 640.000 8.000 353.749 644.780 8.000 359.915 640.000 8.000 353.476
3 16 648.324 8.000 362.673 645.828 8.000 359.915 647.210 8.000 362.673
3 16 646.943 8.000 362.673 647.210 8.000 362.673 645.828 8.000 359.915
3 16 646.918 8.000 362.673 646.943 8.000 362.673 645.828 8.000 359.915
3 16 644.780 8.000 359.915 646.918 8.000 362.673 645.828 8.000 359.915
3 16 640.000 8.000 353.362 640.000 8.000 353.476 645.828 8.000 359.915
3 16 646.373 8.000 359.915 640.000 8.000 353.362 645.828 8.000 359.915
3 16 648.670 8.000 362.673 645.828 8.000 359.915 648.324 8.000 362.673
3 16 646.373 8.000 359.915 645.828 8.000 359.915 648.670 8.000 362.673
3 16 648.683 8.000 362.673 646.373 8.000 359.915 648.670 8.000 362.673
3 16 649.055 8.000 362.673 646.373 8.000 359.915 648.683 8.000 362.673
3 16 640.000 8.000 353.008 640.000 8.000 353.362 646.373 8.000 359.915
3 16 648.762 8.000 359.915 640.000 8.000 353.008 646.373 8.000 359.915
3 16 649.179 8.000 362.673 650.000 8.000 362.673 650.000 8.000 361.745
3 16 649.055 8.000 362.673 649.179 8.000 362.673 650.000 8.000 361.745
3 16 646.373 8.000 359.915 649.055 8.000 362.673 650.000 8.000 361.745
3 16 648.762 8.000 359.915 646.373 8.000 359.915 650.000 8.000 361.745
3 16 640.000 8.000 359.915 643.642 8.000 359.915 640.000 8.000 354.173
3 16 645.391 8.000 362.673 643.642 8.000 359.915 641.893 8.000 362.673
3 16 643.642 8.000 359.915 640.000 8.000 359.915 640.000 8.000 362.673
3 16 640.087 8.000 362.673 643.642 8.000 359.915 640.000 8.000 362.673
3 16 641.893 8.000 362.673 643.642 8.000 359.915 640.087 8.000 362.673
3 16 650.422 8.000 370.744 650.000 8.000 367.986 650.000 8.000 370.744
3 16 650.973 8.000 370.744 650.000 8.000 367.986 650.422 8.000 370.744
3 16 652.453 8.000 370.744 650.000 8.000 367.986 650.973 8.000 370.744
3 16 654.804 8.000 370.744 650.000 8.000 367.986 652.453 8.000 370.744
3 16 659.000 8.000 367.986 650.000 8.000 367.986 654.804 8.000 370.744
3 16 658.216 8.000 370.744 659.000 8.000 367.986 654.804 8.000 370.744
3 16 659.000 8.000 370.744 659.000 8.000 367.986 658.216 8.000 370.744
3 16 590.000 8.000 367.986 588.800 8.000 367.986 590.000 8.000 368.400
3 16 590.000 8.000 368.400 588.800 8.000 367.986 590.000 8.000 368.554
3 16 587.634 8.000 371.999 588.800 8.000 367.986 587.507 8.000 371.999
3 16 587.974 8.000 371.999 588.800 8.000 367.986 587.634 8.000 371.999
3 16 588.515 8.000 371.999 588.800 8.000 367.986 587.974 8.000 371.999
3 16 590.000 8.000 368.554 588.800 8.000 367.986 588.515 8.000 371.999
3 16 588.652 8.000 371.999 590.000 8.000 368.554 588.515 8.000 371.999
3 16 590.000 8.000 371.999 590.000 8.000 368.554 588.652 8.000 371.999
3 16 587.507 8.000 371.999 588.800 8.000 367.986 587.279 8.000 371.999
3 16 587.279 8.000 371.999 588.800 8.000 367.986 586.584 8.000 371.999
3 16 586.584 8.000 371.999 588.800 8.000 367.986 584.717 8.000 371.999
3 16 581.752 8.000 371.999 584.717 8.000 371.999 588.800 8.000 367.986
3 16 581.000 8.000 371.999 581.752 8.000 371.999 588.800 8.000 367.986
3 16 581.000 8.000 367.986 581.000 8.000 371.999 588.800 8.000 367.986
3 16 581.473 8.000 367.613 590.000 8.000 367.613 590.000 8.000 365.933
3 16 600.000 8.000 361.772 596.929 8.000 362.740 600.000 8.000 362.740
3 16 581.473 8.000 367.613 590.000 8.000 365.933 590.000 8.000 364.925
3 16 590.000 8.000 361.306 590.000 8.000 362.740 600.000 8.000 361.490
3 16 600.000 8.000 361.306 590.000 8.000 361.306 600.000 8.000 361.490
3 16 600.000 8.000 361.772 600.000 8.000 361.490 590.000 8.000 362.740
3 16 596.929 8.000 362.740 600.000 8.000 361.772 590.000 8.000 362.740
3 16 589.475 8.000 361.306 600.000 8.000 361.306 600.000 8.000 360.787
3 16 600.000 8.000 354.391 591.592 8.000 359.915 600.000 8.000 359.915
3 16 600.000 8.000 359.915 591.592 8.000 359.915 600.000 8.000 360.595
3 16 600.000 8.000 360.787 600.000 8.000 360.595 591.592 8.000 359.915
3 16 589.475 8.000 361.306 600.000 8.000 360.787 591.592 8.000 359.915
3 16 591.592 8.000 359.915 600.000 8.000 354.391 600.000 8.000 353.421
3 16 591.239 8.000 359.915 591.592 8.000 359.915 600.000 8.000 353.421
3 16 599.476 8.000 353.421 591.239 8.000 359.915 600.000 8.000 353.421
3 16 591.239 8.000 359.915 589.475 8.000 361.306 591.592 8.000 359.915
3 16 600.000 8.000 353.008 599.476 8.000 353.421 600.000 8.000 353.421
3 16 581.000 8.000 367.986 590.000 8.000 367.986 590.000 8.000 367.822
3 16 581.000 8.000 367.986 590.000 8.000 367.822 590.000 8.000 367.613
3 16 581.473 8.000 367.613 581.000 8.000 367.986 590.000 8.000 367.613
3 16 580.048 8.000 371.999 580.000 8.000 371.814 580.000 8.000 371.999
3 16 580.302 8.000 371.999 580.000 8.000 371.814 580.048 8.000 371.999
3 16 581.000 8.000 371.955 580.000 8.000 371.814 580.302 8.000 371.999
3 16 581.000 8.000 371.999 581.000 8.000 371.955 580.302 8.000 371.999
3 16 581.000 8.000 371.931 580.000 8.000 371.814 581.000 8.000 371.955
3 16 581.000 8.000 371.878 580.000 8.000 371.814 581.000 8.000 371.931
3 16 581.000 8.000 371.814 580.000 8.000 371.814 581.000 8.000 371.878
3 16 581.000 8.000 371.492 580.072 8.000 371.506 581.000 8.000 371.506
3 16 581.000 8.000 371.446 580.072 8.000 371.506 581.000 8.000 371.492
3 16 581.000 8.000 371.308 580.072 8.000 371.506 581.000 8.000 371.446
3 16 580.751 8.000 368.607 580.072 8.000 371.506 581.000 8.000 371.308
3 16 581.000 8.000 368.627 580.751 8.000 368.607 581.000 8.000 371.308
3 16 581.000 8.000 371.805 580.000 8.000 371.814 581.000 8.000 371.814
3 16 580.072 8.000 371.506 580.000 8.000 371.814 581.000 8.000 371.805
3 16 581.000 8.000 371.506 580.072 8.000 371.506 581.000 8.000 371.805
3 16 581.000 8.000 368.621 580.751 8.000 368.607 581.000 8.000 368.627
3 16 581.000 8.000 368.605 580.751 8.000 368.607 581.000 8.000 368.621
3 16 581.000 8.000 368.557 580.751 8.000 368.607 581.000 8.000 368.605
3 16 581.000 8.000 368.260 580.751 8.000 368.607 581.000 8.000 368.557
3 16 659.860 8.000 371.900 660.000 8.000 371.815 659.860 8.000 371.814
3 16 659.860 8.000 371.939 660.000 8.000 371.815 659.860 8.000 371.900
3 16 659.996 8.000 372.000 660.000 8.000 371.815 659.860 8.000 371.939
3 16 659.860 8.000 372.000 659.996 8.000 372.000 659.860 8.000 371.939
3 16 660.000 8.000 372.000 660.000 8.000 371.815 659.996 8.000 372.000
3 16 659.000 8.000 368.627 659.249 8.000 368.607 659.000 8.000 368.259
3 16 659.000 8.000 368.684 659.249 8.000 368.607 659.000 8.000 368.627
3 16 659.749 8.000 370.744 659.249 8.000 368.607 659.000 8.000 368.684
3 16 659.677 8.000 370.744 659.749 8.000 370.744 659.000 8.000 368.684
3 16 659.860 8.000 371.299 659.928 8.000 371.506 659.860 8.000 371.215
3 16 659.000 8.000 370.744 659.677 8.000 370.744 659.000 8.000 368.684
3 16 659.860 8.000 371.506 659.928 8.000 371.506 659.860 8.000 371.299
3 16 659.860 8.000 371.506 659.928 8.000 371.506 659.860 8.000 371.506
3 16 660.000 8.000 371.815 659.928 8.000 371.506 659.860 8.000 371.506
3 16 659.860 8.000 371.772 660.000 8.000 371.815 659.860 8.000 371.506
3 16 659.860 8.000 371.814 660.000 8.000 371.815 659.860 8.000 371.772
3 16 659.860 8.000 371.814 660.000 8.000 371.815 659.860 8.000 371.814
3 16 602.318 8.000 354.602 600.000 8.000 353.162 600.000 8.000 354.602
3 16 602.618 8.000 354.602 600.000 8.000 353.162 602.318 8.000 354.602
3 16 603.137 8.000 354.602 600.000 8.000 353.162 602.618 8.000 354.602
3 16 600.980 8.000 352.427 600.000 8.000 353.162 603.137 8.000 354.602
3 16 604.263 8.000 354.602 600.980 8.000 352.427 603.137 8.000 354.602
3 16 604.482 8.000 354.602 600.980 8.000 352.427 604.263 8.000 354.602
3 16 604.508 8.000 354.602 600.980 8.000 352.427 604.482 8.000 354.602
3 16 606.378 8.000 354.602 606.691 8.000 354.602 606.691 8.000 353.148
3 16 604.508 8.000 354.602 606.378 8.000 354.602 606.691 8.000 353.148
3 16 600.980 8.000 352.427 604.508 8.000 354.602 606.691 8.000 353.148
3 16 603.998 8.000 350.875 600.980 8.000 352.427 606.691 8.000 353.148
3 16 603.998 8.000 350.875 606.691 8.000 353.148 606.691 8.000 353.142
3 16 603.998 8.000 350.875 606.691 8.000 353.142 606.691 8.000 352.060
3 16 604.921 8.000 350.415 603.998 8.000 350.875 606.691 8.000 352.060
3 16 604.921 8.000 350.415 606.691 8.000 352.060 606.691 8.000 352.045
3 16 606.691 8.000 349.826 604.921 8.000 350.415 606.691 8.000 352.045
3 16 635.127 8.000 350.415 633.357 8.000 349.826 633.357 8.000 351.960
3 16 633.357 8.000 352.060 635.127 8.000 350.415 633.357 8.000 351.960
3 16 635.127 8.000 350.415 633.357 8.000 352.060 633.357 8.000 353.126
3 16 636.050 8.000 350.875 635.127 8.000 350.415 633.357 8.000 353.126
3 16 633.357 8.000 353.148 636.050 8.000 350.875 633.357 8.000 353.126
3 16 633.607 8.000 354.602 633.357 8.000 353.148 633.357 8.000 354.602
3 16 636.050 8.000 350.875 633.357 8.000 353.148 633.607 8.000 354.602
3 16 634.269 8.000 354.602 636.050 8.000 350.875 633.607 8.000 354.602
3 16 639.068 8.000 352.427 636.050 8.000 350.875 634.269 8.000 354.602
3 16 635.467 8.000 354.602 639.068 8.000 352.427 634.269 8.000 354.602
3 16 635.566 8.000 354.602 639.068 8.000 352.427 635.467 8.000 354.602
3 16 639.856 8.000 354.602 639.068 8.000 352.427 635.566 8.000 354.602
3 16 640.000 8.000 353.126 639.068 8.000 352.427 639.856 8.000 354.602
3 16 640.000 8.000 354.602 640.000 8.000 353.126 639.856 8.000 354.602
3 16 633.357 8.000 349.912 630.000 8.000 351.919 630.000 8.000 354.602
3 16 630.599 8.000 354.602 633.357 8.000 349.912 630.000 8.000 354.602
3 16 633.357 8.000 354.602 633.357 8.000 349.912 630.599 8.000 354.602
3 16 633.500 8.000 349.874 633.500 8.000 349.826 633.449 8.000 349.857
3 16 609.407 8.000 354.602 606.691 8.000 349.940 606.691 8.000 354.602
3 16 610.000 8.000 351.919 606.691 8.000 349.940 609.407 8.000 354.602
3 16 610.000 8.000 354.602 610.000 8.000 351.919 609.407 8.000 354.602
3 16 606.568 8.000 349.867 606.500 8.000 349.826 606.500 8.000 349.890
3 16 606.691 8.000 349.940 610.000 8.000 351.919 610.000 8.000 351.845
3 16 606.691 8.000 349.826 606.691 8.000 349.940 610.000 8.000 351.845
3 16 633.357 8.000 349.826 630.000 8.000 349.826 630.000 8.000 350.959
3 16 610.000 8.000 349.826 606.691 8.000 349.826 610.000 8.000 351.845
3 16 633.357 8.000 349.826 630.000 8.000 350.959 630.000 8.000 351.028
3 16 633.357 8.000 349.912 633.357 8.000 349.826 630.000 8.000 351.028
3 16 630.000 8.000 351.919 633.357 8.000 349.912 630.000 8.000 351.028
3 16 633.449 8.000 349.857 633.500 8.000 349.826 633.357 8.000 349.826
3 16 606.691 8.000 349.826 606.500 8.000 349.826 606.568 8.000 349.867
3 16 641.571 0.000 358.888 640.000 0.000 357.650 640.000 0.000 355.257
3 16 644.515 0.000 356.567 641.571 0.000 358.888 640.000 0.000 355.257
3 16 640.000 0.000 353.008 644.515 0.000 356.567 640.000 0.000 355.257
3 16 653.357 0.000 363.537 654.790 0.000 367.986 653.133 0.000 367.986
3 16 650.424 0.000 365.850 653.357 0.000 363.537 653.133 0.000 367.986
3 16 654.790 0.000 367.986 653.357 0.000 363.537 655.670 0.000 367.986
3 16 653.357 0.000 363.537 659.000 0.000 367.986 655.670 0.000 367.986
3 16 582.795 0.000 371.999 583.125 0.000 367.986 582.856 0.000 371.999
3 16 582.631 0.000 371.999 583.125 0.000 367.986 582.795 0.000 371.999
3 16 582.370 0.000 371.999 583.125 0.000 367.986 582.631 0.000 371.999
3 16 582.439 0.000 367.986 583.125 0.000 367.986 582.370 0.000 371.999
3 16 582.304 0.000 371.999 582.439 0.000 367.986 582.370 0.000 371.999
3 16 582.288 0.000 371.999 582.439 0.000 367.986 582.304 0.000 371.999
3 16 582.856 0.000 371.999 583.125 0.000 367.986 583.145 0.000 371.999
3 16 583.145 0.000 371.999 583.125 0.000 367.986 583.154 0.000 371.999
3 16 583.154 0.000 371.999 583.125 0.000 367.986 583.179 0.000 371.999
3 16 583.219 0.000 371.999 583.179 0.000 371.999 583.125 0.000 367.986
3 16 583.229 0.000 371.999 583.219 0.000 371.999 583.125 0.000 367.986
3 16 583.229 0.000 367.986 583.229 0.000 371.999 583.125 0.000 367.986
3 16 582.209 0.000 371.999 582.439 0.000 367.986 582.288 0.000 371.999
3 16 581.999 0.000 371.999 582.439 0.000 367.986 582.209 0.000 371.999
3 16 581.664 0.000 371.999 582.439 0.000 367.986 581.999 0.000 371.999
3 16 581.558 0.000 367.986 582.439 0.000 367.986 581.664 0.000 371.999
3 16 581.579 0.000 371.999 581.558 0.000 367.986 581.664 0.000 371.999
3 16 581.558 0.000 371.999 581.558 0.000 367.986 581.579 0.000 371.999
3 16 657.340 0.000 372.000 657.562 0.000 367.986 657.411 0.000 372.000
3 16 657.151 0.000 372.000 657.562 0.000 367.986 657.340 0.000 372.000
3 16 656.850 0.000 372.000 657.562 0.000 367.986 657.151 0.000 372.000
3 16 656.771 0.000 367.986 657.562 0.000 367.986 656.850 0.000 372.000
3 16 656.774 0.000 372.000 656.771 0.000 367.986 656.850 0.000 372.000
3 16 656.771 0.000 372.000 656.771 0.000 367.986 656.774 0.000 372.000
3 16 657.928 0.000 372.000 658.281 0.000 367.986 657.992 0.000 372.000
3 16 657.756 0.000 372.000 658.281 0.000 367.986 657.928 0.000 372.000
3 16 657.483 0.000 372.000 658.281 0.000 367.986 657.756 0.000 372.000
3 16 657.562 0.000 367.986 658.281 0.000 367.986 657.483 0.000 372.000
3 16 657.413 0.000 372.000 657.562 0.000 367.986 657.483 0.000 372.000
3 16 657.411 0.000 372.000 657.562 0.000 367.986 657.413 0.000 372.000
3 16 657.992 0.000 372.000 658.281 0.000 367.986 658.309 0.000 372.000
3 16 658.309 0.000 372.000 658.281 0.000 367.986 658.312 0.000 372.000
3 16 658.312 0.000 372.000 658.281 0.000 367.986 658.327 0.000 372.000
3 16 658.327 0.000 372.000 658.281 0.000 367.986 658.366 0.000 372.000
3 16 658.427 0.000 372.000 658.366 0.000 372.000 658.281 0.000 367.986
3 16 658.443 0.000 372.000 658.427 0.000 372.000 658.281 0.000 367.986
3 16 658.443 0.000 367.986 658.443 0.000 372.000 658.281 0.000 367.986
3 16 595.716 0.000 356.386 600.000 0.000 355.585 600.000 0.000 356.976
3 16 598.546 0.000 358.617 595.716 0.000 356.386 600.000 0.000 356.976
3 16 600.000 0.000 357.471 598.546 0.000 358.617 600.000 0.000 356.976
3 16 599.476 0.000 353.421 600.000 0.000 353.421 600.000 0.000 353.915
3 16 599.476 0.000 353.421 600.000 0.000 353.915 600.000 0.000 355.585
3 16 595.716 0.000 356.386 599.476 0.000 353.421 600.000 0.000 355.585
3 16 599.476 0.000 353.421 600.000 0.000 353.008 600.000 0.000 353.421
3 16 586.641 0.000 367.986 585.636 0.000 367.986 587.214 0.000 363.088
3 16 586.641 0.000 367.986 587.214 0.000 363.088 590.000 0.000 365.285
3 16 590.000 0.000 365.338 586.641 0.000 367.986 590.000 0.000 365.285
3 16 581.000 0.000 367.986 587.214 0.000 363.088 585.636 0.000 367.986
3 16 583.293 0.000 371.999 583.851 0.000 367.986 583.537 0.000 371.999
3 16 583.229 0.000 371.487 583.851 0.000 367.986 583.293 0.000 371.999
3 16 583.232 0.000 371.999 583.229 0.000 371.487 583.293 0.000 371.999
3 16 583.229 0.000 371.999 583.229 0.000 371.487 583.232 0.000 371.999
3 16 583.537 0.000 371.999 583.851 0.000 367.986 583.877 0.000 371.999
3 16 583.877 0.000 371.999 583.851 0.000 367.986 583.878 0.000 371.999
3 16 583.897 0.000 371.999 583.878 0.000 371.999 583.851 0.000 367.986
3 16 583.902 0.000 371.999 583.897 0.000 371.999 583.851 0.000 367.986
3 16 583.902 0.000 367.986 583.902 0.000 371.999 583.851 0.000 367.986
3 16 583.632 0.000 367.986 583.851 0.000 367.986 583.229 0.000 371.487
3 16 583.229 0.000 370.672 583.632 0.000 367.986 583.229 0.000 371.487
3 16 581.000 0.000 372.208 580.470 0.000 371.999 581.000 0.000 371.999
3 16 580.000 0.000 371.814 581.558 0.000 370.173 581.558 0.000 371.999
3 16 580.470 0.000 371.999 580.000 0.000 371.814 581.558 0.000 371.999
3 16 580.110 0.000 371.999 580.470 0.000 371.999 581.000 0.000 372.208
3 16 580.364 0.000 372.428 580.110 0.000 371.999 581.000 0.000 372.208
3 16 581.000 0.000 372.428 580.364 0.000 372.428 581.000 0.000 372.208
3 16 580.110 0.000 371.999 580.000 0.000 371.814 580.470 0.000 371.999
3 16 583.229 0.000 368.412 583.632 0.000 367.986 583.229 0.000 370.672
3 16 580.000 0.000 371.814 580.364 0.000 372.428 580.046 0.000 372.428
3 16 580.000 0.000 372.428 580.000 0.000 371.814 580.046 0.000 372.428
3 16 581.558 0.000 369.767 581.558 0.000 370.173 580.000 0.000 371.814
3 16 583.229 0.000 367.986 583.632 0.000 367.986 583.229 0.000 368.412
3 16 581.558 0.000 368.375 581.558 0.000 369.767 580.000 0.000 371.814
3 16 580.751 0.000 368.607 581.558 0.000 368.375 580.000 0.000 371.814
3 16 580.751 0.000 368.607 581.196 0.000 367.986 581.558 0.000 367.986
3 16 581.558 0.000 368.375 580.751 0.000 368.607 581.558 0.000 367.986
3 16 659.890 0.000 372.000 659.636 0.000 372.428 658.999 0.000 372.428
3 16 659.530 0.000 372.000 659.890 0.000 372.000 658.999 0.000 372.428
3 16 658.999 0.000 372.209 659.530 0.000 372.000 658.999 0.000 372.428
3 16 659.530 0.000 372.000 660.000 0.000 371.815 659.890 0.000 372.000
3 16 658.999 0.000 372.000 659.530 0.000 372.000 658.999 0.000 372.209
3 16 658.443 0.000 370.267 660.000 0.000 371.815 659.530 0.000 372.000
3 16 658.443 0.000 372.000 658.443 0.000 370.267 659.530 0.000 372.000
3 16 656.771 0.000 368.606 656.771 0.000 371.490 656.148 0.000 367.986
3 16 658.443 0.000 370.174 660.000 0.000 371.815 658.443 0.000 370.267
3 16 656.771 0.000 368.412 656.771 0.000 368.606 656.148 0.000 367.986
3 16 656.367 0.000 367.986 656.771 0.000 368.412 656.148 0.000 367.986
3 16 656.097 0.000 367.986 656.148 0.000 367.986 656.771 0.000 371.490
3 16 656.771 0.000 371.643 656.097 0.000 367.986 656.771 0.000 371.490
3 16 656.476 0.000 372.000 656.771 0.000 371.643 656.715 0.000 372.000
3 16 656.097 0.000 367.986 656.771 0.000 371.643 656.476 0.000 372.000
3 16 656.119 0.000 372.000 656.097 0.000 367.986 656.476 0.000 372.000
3 16 656.097 0.000 372.000 656.097 0.000 367.986 656.119 0.000 372.000
3 16 656.715 0.000 372.000 656.771 0.000 371.643 656.771 0.000 372.000
3 16 660.000 0.000 371.815 660.000 0.000 372.428 659.768 0.000 372.428
3 16 660.000 0.000 371.815 659.768 0.000 372.428 659.751 0.000 372.428
3 16 659.636 0.000 372.428 660.000 0.000 371.815 659.751 0.000 372.428
3 16 658.443 0.000 368.434 658.443 0.000 368.375 659.249 0.000 368.607
3 16 656.771 0.000 368.074 656.367 0.000 367.986 656.771 0.000 367.986
3 16 658.443 0.000 370.174 658.443 0.000 368.434 659.249 0.000 368.607
3 16 660.000 0.000 371.815 658.443 0.000 370.174 659.249 0.000 368.607
3 16 656.771 0.000 368.412 656.367 0.000 367.986 656.771 0.000 368.074
3 16 658.804 0.000 367.986 659.249 0.000 368.607 658.443 0.000 368.375
3 16 658.443 0.000 367.986 658.804 0.000 367.986 658.443 0.000 368.375
3 16 644.000 0.000 356.940 644.000 0.000 360.785 641.561 0.000 358.863
3 16 640.000 0.000 357.632 642.896 0.000 359.915 640.000 0.000 359.915
3 16 642.896 0.000 359.915 644.000 0.000 360.785 640.000 0.000 360.150
3 16 640.000 0.000 359.915 642.896 0.000 359.915 640.000 0.000 360.150
3 16 640.000 0.000 360.150 644.000 0.000 360.785 640.000 0.000 362.508
3 16 640.000 0.000 363.144 640.000 0.000 362.508 644.000 0.000 360.785
3 16 644.000 0.000 363.144 640.000 0.000 363.144 644.000 0.000 360.785
3 16 596.000 0.000 360.609 596.000 0.000 356.578 598.556 0.000 358.593
3 16 596.879 0.000 359.915 600.000 0.000 357.455 600.000 0.000 359.915
3 16 596.879 0.000 359.915 600.000 0.000 359.915 600.000 0.000 360.102
3 16 596.000 0.000 360.609 596.879 0.000 359.915 600.000 0.000 360.102
3 16 600.000 0.000 360.102 600.000 0.000 360.786 596.685 0.000 362.740
3 16 596.000 0.000 360.609 600.000 0.000 360.102 596.685 0.000 362.740
3 16 596.000 0.000 362.740 596.000 0.000 360.609 596.685 0.000 362.740
3 16 596.685 0.000 362.740 600.000 0.000 360.786 600.000 0.000 362.740
3 16 644.000 4.000 362.673 644.000 4.000 360.803 646.372 4.000 362.673
3 16 653.112 4.000 367.986 650.000 4.000 367.986 650.000 4.000 367.785
3 16 650.000 4.000 365.533 653.112 4.000 367.986 650.000 4.000 367.785
3 16 648.480 4.000 362.673 650.000 4.000 360.908 650.000 4.000 362.673
3 16 644.494 4.000 356.567 650.000 4.000 360.908 648.480 4.000 362.673
3 16 648.380 4.000 362.673 644.494 4.000 356.567 648.480 4.000 362.673
3 16 653.336 4.000 363.537 650.402 4.000 365.850 650.000 4.000 365.218
3 16 650.000 4.000 360.908 653.336 4.000 363.537 650.000 4.000 365.218
3 16 644.000 4.000 360.785 644.000 4.000 356.957 644.494 4.000 356.567
3 16 644.000 4.000 360.785 644.494 4.000 356.567 648.380 4.000 362.673
3 16 648.271 4.000 362.673 644.000 4.000 360.785 648.380 4.000 362.673
3 16 646.395 4.000 362.673 644.000 4.000 360.785 648.271 4.000 362.673
3 16 650.379 4.000 365.813 650.000 4.000 365.514 650.000 4.000 365.218
3 16 646.372 4.000 362.673 644.000 4.000 360.803 646.390 4.000 362.673
3 16 646.395 4.000 362.673 646.390 4.000 362.673 644.000 4.000 360.803
3 16 646.395 4.000 362.673 646.395 4.000 362.673 644.000 4.000 360.803
3 16 644.000 4.000 360.785 646.395 4.000 362.673 644.000 4.000 360.803
3 16 650.402 4.000 365.850 650.000 4.000 365.533 650.000 4.000 365.516
3 16 650.379 4.000 365.813 650.402 4.000 365.850 650.000 4.000 365.516
3 16 650.000 4.000 365.514 650.379 4.000 365.813 650.000 4.000 365.516
3 16 655.112 4.000 367.986 656.097 4.000 367.986 656.097 4.000 370.744
3 16 655.782 4.000 370.744 655.112 4.000 367.986 656.097 4.000 370.744
3 16 652.311 4.000 370.744 655.112 4.000 367.986 655.782 4.000 370.744
3 16 651.938 4.000 370.744 655.112 4.000 367.986 652.311 4.000 370.744
3 16 650.000 4.000 370.023 655.112 4.000 367.986 651.938 4.000 370.744
3 16 650.000 4.000 370.744 650.000 4.000 370.023 651.938 4.000 370.744
3 16 655.112 4.000 367.986 650.000 4.000 370.023 650.000 4.000 367.986
3 16 586.920 4.000 371.999 590.000 4.000 368.014 586.928 4.000 371.999
3 16 590.000 4.000 367.986 590.000 4.000 368.014 586.920 4.000 371.999
3 16 586.918 4.000 371.999 590.000 4.000 367.986 586.920 4.000 371.999
3 16 584.600 4.000 371.999 590.000 4.000 367.986 586.918 4.000 371.999
3 16 583.902 4.000 367.986 590.000 4.000 367.986 584.600 4.000 371.999
3 16 584.012 4.000 371.999 583.902 4.000 367.986 584.600 4.000 371.999
3 16 583.902 4.000 371.999 583.902 4.000 367.986 584.012 4.000 371.999
3 16 588.718 4.000 371.999 590.000 4.000 368.051 588.722 4.000 371.999
3 16 590.000 4.000 368.014 590.000 4.000 368.051 588.718 4.000 371.999
3 16 588.716 4.000 371.999 590.000 4.000 368.014 588.718 4.000 371.999
3 16 586.928 4.000 371.999 590.000 4.000 368.014 588.716 4.000 371.999
3 16 588.722 4.000 371.999 590.000 4.000 368.051 590.000 4.000 371.999
3 16 590.000 4.000 367.986 588.756 4.000 367.986 590.000 4.000 367.950
3 16 590.000 4.000 367.613 590.000 4.000 367.950 588.756 4.000 367.986
3 16 587.134 4.000 367.613 590.000 4.000 367.613 588.756 4.000 367.986
3 16 586.662 4.000 367.986 587.134 4.000 367.613 588.756 4.000 367.986
3 16 596.000 4.000 362.166 595.136 4.000 361.306 596.000 4.000 361.306
3 16 595.136 4.000 361.306 596.000 4.000 362.166 594.124 4.000 362.740
3 16 593.317 4.000 362.740 595.136 4.000 361.306 594.124 4.000 362.740
3 16 594.124 4.000 362.740 596.000 4.000 362.166 596.000 4.000 362.740
3 16 587.134 4.000 367.613 590.000 4.000 365.355 590.000 4.000 367.613
3 16 596.000 4.000 361.306 595.136 4.000 361.306 596.000 4.000 360.625
3 16 587.234 4.000 363.088 595.736 4.000 356.386 596.000 4.000 356.594
3 16 596.000 4.000 359.621 587.234 4.000 363.088 596.000 4.000 356.594
3 16 593.298 4.000 362.740 590.000 4.000 362.740 590.000 4.000 362.306
3 16 596.000 4.000 360.609 593.298 4.000 362.740 590.000 4.000 362.306
3 16 590.000 4.000 365.268 587.234 4.000 363.088 590.000 4.000 362.306
3 16 596.000 4.000 359.621 596.000 4.000 360.609 587.234 4.000 363.088
3 16 596.000 4.000 360.625 593.317 4.000 362.740 593.314 4.000 362.740
3 16 596.000 4.000 360.609 596.000 4.000 360.625 593.314 4.000 362.740
3 16 593.298 4.000 362.740 596.000 4.000 360.609 593.314 4.000 362.740
3 16 603.444 4.000 351.656 603.749 4.000 351.656 600.000 4.000 354.132
3 16 600.980 4.000 352.427 603.444 4.000 351.656 600.000 4.000 354.132
3 16 600.000 4.000 353.635 600.980 4.000 352.427 600.000 4.000 354.132
3 16 603.444 4.000 351.656 604.024 4.000 351.474 603.749 4.000 351.656
3 16 600.000 4.000 354.132 603.749 4.000 351.656 604.024 4.000 351.656
3 16 600.000 4.000 354.166 600.000 4.000 354.132 604.024 4.000 351.656
3 16 604.024 4.000 351.667 600.000 4.000 354.166 604.024 4.000 351.656
3 16 603.749 4.000 351.656 604.024 4.000 351.474 604.024 4.000 351.656
3 16 600.000 4.000 353.162 600.980 4.000 352.427 600.000 4.000 353.635
3 16 603.408 4.000 351.178 603.998 4.000 350.875 604.024 4.000 350.891
3 16 604.024 4.000 351.048 603.408 4.000 351.178 604.024 4.000 350.891
3 16 600.980 4.000 352.427 603.408 4.000 351.178 604.024 4.000 351.048
3 16 604.024 4.000 351.474 600.980 4.000 352.427 604.024 4.000 351.048
3 16 640.000 4.000 353.576 640.000 4.000 354.101 636.298 4.000 351.656
3 16 639.068 4.000 352.427 640.000 4.000 353.576 636.298 4.000 351.656
3 16 636.604 4.000 351.656 639.068 4.000 352.427 636.298 4.000 351.656
3 16 636.024 4.000 351.474 636.604 4.000 351.656 636.298 4.000 351.656
3 16 636.298 4.000 351.656 640.000 4.000 354.101 640.000 4.000 354.136
3 16 636.024 4.000 351.656 636.298 4.000 351.656 640.000 4.000 354.136
3 16 636.024 4.000 351.667 636.024 4.000 351.656 640.000 4.000 354.136
3 16 636.024 4.000 351.656 636.024 4.000 351.474 636.298 4.000 351.656
3 16 636.024 4.000 350.891 636.050 4.000 350.875 636.836 4.000 351.279
3 16 636.024 4.000 351.279 636.024 4.000 350.891 636.836 4.000 351.279
3 16 636.024 4.000 351.279 636.836 4.000 351.279 639.068 4.000 352.427
3 16 636.024 4.000 351.474 636.024 4.000 351.279 639.068 4.000 352.427
3 16 639.068 4.000 352.427 640.000 4.000 353.126 640.000 4.000 353.576
3 16 630.000 4.000 353.055 630.800 4.000 353.055 630.000 4.000 353.414
3 16 609.200 4.000 353.055 610.000 4.000 353.055 610.000 4.000 353.184
3 16 610.000 4.000 353.414 609.200 4.000 353.055 610.000 4.000 353.184
3 16 604.024 4.000 350.862 604.024 4.000 350.891 603.998 4.000 350.875
3 16 610.000 4.000 349.826 610.000 4.000 353.055 609.200 4.000 353.055
3 16 609.200 4.000 349.826 610.000 4.000 349.826 609.200 4.000 353.055
3 16 635.127 4.000 350.415 636.024 4.000 350.862 633.500 4.000 349.874
3 16 636.050 4.000 350.875 636.024 4.000 350.891 636.024 4.000 350.862
3 16 630.800 4.000 349.826 630.800 4.000 353.055 630.000 4.000 353.055
3 16 630.000 4.000 349.826 630.800 4.000 349.826 630.000 4.000 353.055
3 16 658.804 0.134 367.986 659.000 0.000 367.986 659.000 1.000 367.986
3 16 658.804 0.782 367.986 658.804 0.134 367.986 659.000 1.000 367.986
3 16 658.804 1.000 367.986 658.804 0.782 367.986 659.000 1.000 367.986
3 16 656.097 1.979 367.986 656.097 4.000 367.986 653.133 4.000 367.986
3 16 653.133 1.000 367.986 653.133 0.000 367.986 656.097 0.000 367.986
3 16 656.097 0.185 367.986 653.133 1.000 367.986 656.097 0.000 367.986
3 16 656.097 1.000 367.986 653.133 1.000 367.986 656.097 0.185 367.986
3 16 658.804 0.000 367.986 659.000 0.000 367.986 658.804 0.134 367.986
3 16 656.097 1.556 367.986 656.097 1.979 367.986 653.133 4.000 367.986
3 16 656.097 1.000 367.986 656.097 1.556 367.986 653.133 4.000 367.986
3 16 653.133 1.000 367.986 656.097 1.000 367.986 653.133 4.000 367.986
3 16 581.196 0.552 367.986 581.000 0.000 367.986 581.196 0.000 367.986
3 16 581.000 1.000 367.986 581.000 0.000 367.986 581.196 0.552 367.986
3 16 581.196 1.000 367.986 581.000 1.000 367.986 581.196 0.552 367.986
3 16 583.902 0.000 367.986 586.641 0.000 367.986 586.641 1.000 367.986
3 16 583.902 0.197 367.986 583.902 0.000 367.986 586.641 1.000 367.986
3 16 583.902 1.000 367.986 583.902 0.197 367.986 586.641 1.000 367.986
3 16 583.902 1.000 367.986 586.641 1.000 367.986 586.641 4.000 367.986
3 16 583.902 1.592 367.986 583.902 1.000 367.986 586.641 4.000 367.986
3 16 583.902 1.880 367.986 583.902 1.592 367.986 586.641 4.000 367.986
3 16 583.902 4.000 367.986 583.902 1.880 367.986 586.641 4.000 367.986
3 16 659.750 1.000 372.428 660.000 0.000 372.428 660.000 1.000 372.428
3 16 659.000 0.000 372.428 660.000 0.000 372.428 659.750 1.000 372.428
3 16 659.000 1.000 372.428 659.000 0.000 372.428 659.750 1.000 372.428
3 16 580.750 1.000 372.428 581.000 0.000 372.428 581.000 1.000 372.428
3 16 580.000 0.000 372.428 581.000 0.000 372.428 580.750 1.000 372.428
3 16 580.000 1.000 372.428 580.000 0.000 372.428 580.750 1.000 372.428
3 16 640.000 7.932 353.126 640.000 8.000 353.126 640.000 8.000 353.008
3 16 640.000 4.000 353.126 640.000 7.932 353.126 640.000 8.000 353.008
3 16 640.000 4.000 353.009 640.000 4.000 353.126 640.000 8.000 353.008
3 16 640.000 1.000 353.009 640.000 1.000 359.915 640.000 4.000 353.009
3 16 640.000 0.000 359.915 640.000 1.000 359.915 640.000 1.000 353.009
3 16 640.000 0.000 353.009 640.000 0.000 359.915 640.000 1.000 353.009
3 16 640.000 4.000 362.740 640.000 1.000 362.740 640.000 1.000 363.547
3 16 640.000 4.000 363.547 640.000 4.000 362.740 640.000 1.000 363.547
3 16 640.000 1.000 362.740 640.000 0.000 362.740 640.000 0.000 363.547
3 16 640.000 1.000 363.547 640.000 1.000 362.740 640.000 0.000 363.547
3 16 640.000 1.000 362.740 640.000 4.000 362.740 640.000 1.000 359.915
3 16 640.000 1.000 362.740 640.000 1.000 359.915 640.000 0.000 359.915
3 16 640.000 0.000 362.740 640.000 1.000 362.740 640.000 0.000 359.915
3 16 591.238 5.023 359.915 591.238 5.690 359.915 600.000 4.244 353.008
3 16 600.000 4.148 353.008 591.238 5.023 359.915 600.000 4.244 353.008
3 16 591.238 5.690 359.915 591.238 7.690 359.915 600.000 7.955 353.008
3 16 600.000 4.244 353.008 591.238 5.690 359.915 600.000 7.955 353.008
3 16 600.000 8.000 353.008 600.000 7.955 353.008 591.238 7.690 359.915
3 16 591.238 8.000 359.915 600.000 8.000 353.008 591.238 7.690 359.915
3 16 591.238 4.000 359.915 591.238 5.023 359.915 600.000 4.148 353.008
3 16 600.000 4.000 353.008 591.238 4.000 359.915 600.000 4.148 353.008
3 16 581.000 6.047 367.986 581.000 7.381 367.986 591.238 5.690 359.915
3 16 591.238 5.023 359.915 581.000 6.047 367.986 591.238 5.690 359.915
3 16 591.238 5.690 359.915 581.000 7.381 367.986 591.238 7.690 359.915
3 16 591.238 8.000 359.915 591.238 7.690 359.915 581.000 7.381 367.986
3 16 581.000 8.000 367.986 591.238 8.000 359.915 581.000 7.381 367.986
3 16 581.000 4.000 367.986 581.000 6.047 367.986 591.238 5.023 359.915
3 16 591.238 4.000 359.915 581.000 4.000 367.986 591.238 5.023 359.915
3 16 600.000 4.089 353.162 600.000 4.000 353.162 600.000 4.000 353.008
3 16 600.000 8.000 353.162 600.000 4.089 353.162 600.000 4.000 353.008
3 16 600.000 8.000 353.008 600.000 8.000 353.162 600.000 4.000 353.008
3 16 600.000 1.000 359.915 600.000 1.000 353.008 600.000 4.000 353.008
3 16 600.000 4.000 359.915 600.000 1.000 359.915 600.000 4.000 353.008
3 16 600.000 0.000 359.915 600.000 0.000 353.008 600.000 1.000 353.008
3 16 600.000 1.000 359.915 600.000 0.000 359.915 600.000 1.000 353.008
3 16 600.000 4.000 362.740 600.000 1.000 362.740 600.000 1.000 359.915
3 16 600.000 4.000 359.915 600.000 4.000 362.740 600.000 1.000 359.915
3 16 600.000 1.000 362.740 600.000 0.000 362.740 600.000 0.000 359.915
3 16 600.000 1.000 359.915 600.000 1.000 362.740 600.000 0.000 359.915
3 16 596.000 4.000 362.740 596.000 1.000 362.740 600.000 1.857 362.740
3 16 600.000 4.000 362.740 596.000 4.000 362.740 600.000 1.857 362.740
3 16 600.000 1.857 362.740 596.000 1.000 362.740 600.000 1.000 362.740
3 16 596.000 1.000 362.740 596.000 0.000 362.740 600.000 0.286 362.740
3 16 600.000 1.000 362.740 596.000 1.000 362.740 600.000 0.286 362.740
3 16 600.000 0.286 362.740 596.000 0.000 362.740 600.000 0.000 362.740
3 16 583.902 3.518 371.999 583.902 3.968 367.986 583.902 3.985 371.999
3 16 583.902 3.997 371.999 583.902 3.985 371.999 583.902 3.968 367.986
3 16 583.902 4.000 371.999 583.902 3.997 371.999 583.902 3.968 367.986
3 16 583.902 4.000 367.986 583.902 4.000 371.999 583.902 3.968 367.986
3 16 583.902 1.608 371.999 583.902 0.106 367.986 583.902 1.677 371.999
3 16 583.902 3.145 371.999 583.902 1.677 371.999 583.902 0.106 367.986
3 16 583.902 3.518 371.999 583.902 3.145 371.999 583.902 0.106 367.986
3 16 583.902 3.968 367.986 583.902 3.518 371.999 583.902 0.106 367.986
3 16 583.902 1.606 371.999 583.902 0.106 367.986 583.902 1.608 371.999
3 16 583.902 1.566 371.999 583.902 0.106 367.986 583.902 1.606 371.999
3 16 583.902 0.000 367.986 583.902 0.106 367.986 583.902 1.566 371.999
3 16 583.902 1.555 371.999 583.902 0.000 367.986 583.902 1.566 371.999
3 16 583.902 0.000 371.999 583.902 0.000 367.986 583.902 1.555 371.999
3 16 596.000 0.000 360.609 596.000 1.000 360.609 596.000 1.000 356.578
3 16 596.000 0.000 356.578 596.000 0.000 360.609 596.000 1.000 356.578
3 16 596.000 1.000 362.740 596.000 1.000 360.609 596.000 0.159 362.740
3 16 596.000 0.000 362.740 596.000 0.159 362.740 596.000 1.000 360.609
3 16 596.000 0.000 360.609 596.000 0.000 362.740 596.000 1.000 360.609
3 16 596.000 4.000 356.578 596.000 1.000 356.578 596.000 1.000 360.609
3 16 596.000 4.000 360.609 596.000 4.000 356.578 596.000 1.000 360.609
3 16 596.000 4.000 360.609 596.000 1.000 360.609 596.000 3.523 362.740
3 16 596.000 4.000 362.740 596.000 4.000 360.609 596.000 3.523 362.740
3 16 596.000 3.523 362.740 596.000 1.000 360.609 596.000 1.000 362.740
3 16 656.097 0.482 372.000 656.097 0.032 367.986 656.097 0.016 372.000
3 16 656.097 0.003 372.000 656.097 0.016 372.000 656.097 0.032 367.986
3 16 656.097 0.000 372.000 656.097 0.003 372.000 656.097 0.032 367.986
3 16 656.097 0.000 367.986 656.097 0.000 372.000 656.097 0.032 367.986
3 16 656.097 2.393 372.000 656.097 3.894 367.986 656.097 2.323 372.000
3 16 656.097 0.855 372.000 656.097 2.323 372.000 656.097 3.894 367.986
3 16 656.097 0.482 372.000 656.097 0.855 372.000 656.097 3.894 367.986
3 16 656.097 0.032 367.986 656.097 0.482 372.000 656.097 3.894 367.986
3 16 656.097 2.394 372.000 656.097 3.894 367.986 656.097 2.393 372.000
3 16 656.097 2.435 372.000 656.097 3.894 367.986 656.097 2.394 372.000
3 16 656.097 4.000 367.986 656.097 3.894 367.986 656.097 2.435 372.000
3 16 656.097 2.445 372.000 656.097 4.000 367.986 656.097 2.435 372.000
3 16 656.097 4.000 372.000 656.097 4.000 367.986 656.097 2.445 372.000
3 16 590.000 4.000 365.338 590.000 1.000 365.338 590.000 1.000 365.285
3 16 590.000 4.000 365.285 590.000 4.000 365.338 590.000 1.000 365.285
3 16 590.000 1.000 365.338 590.000 0.000 365.338 590.000 0.000 365.285
3 16 590.000 1.000 365.285 590.000 1.000 365.338 590.000 0.000 365.285
3 16 659.000 1.000 368.259 659.000 1.000 367.986 659.000 1.700 367.986
3 16 659.000 1.692 368.259 659.000 1.000 368.259 659.000 1.700 367.986
3 16 659.000 1.692 368.259 659.000 1.700 367.986 659.000 4.000 367.986
3 16 659.000 4.000 368.259 659.000 1.692 368.259 659.000 4.000 367.986
3 16 659.000 4.000 368.259 659.000 4.000 367.986 659.000 4.500 367.986
3 16 659.000 4.460 368.259 659.000 4.000 368.259 659.000 4.500 367.986
3 16 659.000 4.539 368.259 659.000 4.460 368.259 659.000 4.500 367.986
3 16 659.000 8.000 368.259 659.000 4.539 368.259 659.000 4.500 367.986
3 16 659.000 8.000 367.986 659.000 8.000 368.259 659.000 4.500 367.986
3 16 581.000 4.000 367.986 581.000 1.000 367.986 581.000 1.000 368.260
3 16 581.000 4.000 368.260 581.000 4.000 367.986 581.000 1.000 368.260
3 16 581.000 4.000 368.260 581.000 4.460 368.260 581.000 4.500 367.986
3 16 581.000 4.000 367.986 581.000 4.000 368.260 581.000 4.500 367.986
3 16 581.000 8.000 368.260 581.000 8.000 367.986 581.000 7.300 367.986
3 16 581.000 7.308 368.260 581.000 8.000 368.260 581.000 7.300 367.986
3 16 581.000 7.308 368.260 581.000 7.300 367.986 581.000 4.500 367.986
3 16 581.000 4.539 368.260 581.000 7.308 368.260 581.000 4.500 367.986
3 16 581.000 4.460 368.260 581.000 4.539 368.260 581.000 4.500 367.986
3 16 602.462 4.000 354.602 602.316 4.000 354.602 604.024 4.000 353.542
3 16 604.024 4.000 352.742 600.000 4.000 354.357 604.024 4.000 351.667
3 16 601.666 4.000 354.602 600.000 4.000 354.602 600.000 4.000 354.460
3 16 604.024 4.000 353.322 601.666 4.000 354.602 600.000 4.000 354.460
3 16 604.024 4.000 353.322 600.000 4.000 354.460 600.000 4.000 354.357
3 16 604.024 4.000 352.742 604.024 4.000 353.322 600.000 4.000 354.357
3 16 601.895 4.000 354.602 604.024 4.000 353.542 602.316 4.000 354.602
3 16 601.853 4.000 354.602 604.024 4.000 353.542 601.895 4.000 354.602
3 16 604.024 4.000 353.322 604.024 4.000 353.542 601.853 4.000 354.602
3 16 601.666 4.000 354.602 604.024 4.000 353.322 601.853 4.000 354.602
3 16 644.000 0.000 356.940 644.000 1.000 356.940 644.000 1.000 360.785
3 16 644.000 0.000 360.785 644.000 0.000 356.940 644.000 1.000 360.785
3 16 644.000 0.000 363.144 644.000 0.000 360.785 644.000 1.000 360.785
3 16 644.000 1.000 363.144 644.000 0.000 363.144 644.000 1.000 360.785
3 16 644.000 1.000 356.940 644.000 4.000 356.940 644.000 4.000 360.785
3 16 644.000 1.000 360.785 644.000 1.000 356.940 644.000 4.000 360.785
3 16 644.000 1.000 363.144 644.000 1.000 360.785 644.000 4.000 360.785
3 16 644.000 4.000 363.144 644.000 1.000 363.144 644.000 4.000 360.785
3 16 648.762 8.000 359.915 648.762 7.015 359.915 640.000 7.858 353.008
3 16 640.000 8.000 353.008 648.762 8.000 359.915 640.000 7.858 353.008
3 16 648.762 7.015 359.915 648.762 6.349 359.915 640.000 7.762 353.008
3 16 640.000 7.858 353.008 648.762 7.015 359.915 640.000 7.762 353.008
3 16 648.762 6.349 359.915 648.762 4.349 359.915 640.000 4.050 353.008
3 16 640.000 7.762 353.008 648.762 6.349 359.915 640.000 4.050 353.008
3 16 640.000 4.000 353.008 640.000 4.050 353.008 648.762 4.349 359.915
3 16 648.762 4.000 359.915 640.000 4.000 353.008 648.762 4.349 359.915
3 16 630.000 4.000 349.826 630.000 7.093 349.826 631.777 4.000 349.826
3 16 633.500 4.000 349.826 631.777 4.000 349.826 630.000 7.093 349.826
3 16 633.500 8.000 349.826 633.500 4.000 349.826 630.000 7.093 349.826
3 16 630.000 8.000 349.826 633.500 8.000 349.826 630.000 7.093 349.826
3 16 610.000 8.000 349.826 610.000 4.000 349.826 608.798 4.000 349.826
3 16 606.500 8.000 349.826 610.000 8.000 349.826 608.798 4.000 349.826
3 16 606.500 4.000 349.826 606.500 8.000 349.826 608.798 4.000 349.826
3 16 659.000 8.000 367.986 659.000 6.031 367.986 648.762 7.015 359.915
3 16 648.762 8.000 359.915 659.000 8.000 367.986 648.762 7.015 359.915
3 16 659.000 6.031 367.986 659.000 4.698 367.986 648.762 6.349 359.915
3 16 648.762 7.015 359.915 659.000 6.031 367.986 648.762 6.349 359.915
3 16 648.762 6.349 359.915 659.000 4.698 367.986 648.762 4.349 359.915
3 16 648.762 4.000 359.915 648.762 4.349 359.915 659.000 4.698 367.986
3 16 659.000 4.000 367.986 648.762 4.000 359.915 659.000 4.698 367.986
3 16 606.192 4.000 354.602 604.200 4.000 354.602 604.925 4.000 350.413
3 16 606.974 4.000 354.602 609.200 4.000 349.826 609.200 4.000 354.602
3 16 606.500 4.000 349.826 609.200 4.000 349.826 606.974 4.000 354.602
3 16 606.500 4.000 354.602 606.500 4.000 349.826 606.974 4.000 354.602
3 16 635.577 4.000 354.602 633.500 4.000 354.602 633.500 4.000 349.874
3 16 631.274 4.000 354.602 633.500 4.000 349.826 633.500 4.000 354.602
3 16 630.800 4.000 349.826 633.500 4.000 349.826 631.274 4.000 354.602
3 16 630.800 4.000 354.602 630.800 4.000 349.826 631.274 4.000 354.602
3 16 660.000 7.955 372.000 660.000 8.000 371.815 659.999 8.000 372.000
3 16 660.000 7.820 372.000 660.000 8.000 371.815 660.000 7.955 372.000
3 16 660.000 7.795 372.000 660.000 8.000 371.815 660.000 7.820 372.000
3 16 660.000 1.000 372.394 660.000 1.000 372.428 660.000 0.597 372.428
3 16 660.000 5.767 372.000 660.000 8.000 371.815 660.000 7.795 372.000
3 16 660.000 1.000 372.000 660.000 1.000 372.394 660.000 0.597 372.428
3 16 660.000 0.180 372.000 660.000 1.000 372.000 660.000 0.597 372.428
3 16 660.000 0.000 371.815 660.000 8.000 371.815 660.000 5.767 372.000
3 16 660.000 0.180 372.000 660.000 0.000 371.815 660.000 5.767 372.000
3 16 660.000 0.000 372.428 660.000 0.000 371.815 660.000 0.597 372.428
3 16 580.000 0.000 371.814 580.000 0.000 372.428 580.000 0.149 372.428
3 16 580.000 0.000 371.814 580.000 0.149 372.428 580.000 0.597 372.428
3 16 580.000 0.000 371.814 580.000 0.597 372.428 580.000 0.682 372.428
3 16 580.000 0.206 371.999 580.000 0.682 372.428 580.000 1.000 372.428
3 16 580.000 1.000 371.999 580.000 0.206 371.999 580.000 1.000 372.428
3 16 580.000 2.234 371.999 580.000 0.000 371.814 580.000 0.206 371.999
3 16 580.000 8.000 371.814 580.000 0.000 371.814 580.000 2.234 371.999
3 16 580.000 7.820 371.999 580.000 8.000 371.814 580.000 2.234 371.999
3 16 580.000 8.000 371.999 580.000 8.000 371.814 580.000 7.820 371.999
3 16 586.641 4.000 367.986 586.641 1.137 367.986 590.000 3.971 365.338
3 16 590.000 4.000 365.338 586.641 4.000 367.986 590.000 3.971 365.338
3 16 590.000 3.971 365.338 586.641 1.137 367.986 590.000 0.012 365.338
3 16 590.000 0.000 365.338 590.000 0.012 365.338 586.641 1.137 367.986
3 16 586.641 0.000 367.986 590.000 0.000 365.338 586.641 1.137 367.986
3 16 659.249 4.000 368.607 659.249 1.000 368.607 659.000 3.578 368.259
3 16 659.000 4.000 368.259 659.249 4.000 368.607 659.000 3.578 368.259
3 16 659.249 8.000 368.607 659.249 4.000 368.607 659.000 4.000 368.259
3 16 659.000 7.101 368.259 659.249 8.000 368.607 659.000 4.000 368.259
3 16 659.000 8.000 368.259 659.249 8.000 368.607 659.000 7.101 368.259
3 16 581.000 4.424 368.260 580.751 8.000 368.607 581.000 8.000 368.260
3 16 580.751 1.000 368.607 580.751 4.000 368.607 581.000 4.000 368.260
3 16 581.000 4.000 368.260 580.751 4.000 368.607 581.000 4.424 368.260
3 16 581.000 1.000 368.260 580.751 1.000 368.607 581.000 4.000 368.260
3 16 580.751 4.000 368.607 580.751 8.000 368.607 581.000 4.424 368.260
3 16 581.000 1.000 368.260 581.000 1.000 367.986 581.196 1.000 367.986
3 16 658.939 1.000 368.175 658.804 1.000 367.986 658.943 1.000 367.986
3 16 658.944 1.000 368.181 658.939 1.000 368.175 658.943 1.000 367.986
3 16 659.000 1.000 368.259 658.944 1.000 368.181 658.943 1.000 367.986
3 16 659.000 1.000 367.986 659.000 1.000 368.259 658.943 1.000 367.986
3 16 653.133 4.000 367.986 650.424 4.000 365.850 653.133 1.802 367.986
3 16 650.424 0.000 365.850 653.133 0.000 367.986 653.133 1.715 367.986
3 16 650.424 4.000 365.850 650.424 0.000 365.850 653.133 1.715 367.986
3 16 653.133 1.802 367.986 650.424 4.000 365.850 653.133 1.715 367.986
3 16 638.918 4.000 354.602 636.024 4.000 351.667 638.946 4.000 354.602
3 16 636.024 4.000 351.880 636.024 4.000 351.667 638.918 4.000 354.602
3 16 638.857 4.000 354.602 636.024 4.000 351.880 638.918 4.000 354.602
3 16 637.978 4.000 354.602 637.732 4.000 354.602 636.024 4.000 353.542
3 16 638.857 4.000 354.602 637.978 4.000 354.602 636.024 4.000 353.542
3 16 636.024 4.000 351.880 638.857 4.000 354.602 636.024 4.000 353.542
3 16 636.911 4.000 354.602 636.024 4.000 353.542 637.732 4.000 354.602
3 16 630.317 4.000 354.602 630.800 4.000 353.055 630.800 4.000 354.602
3 16 609.200 4.000 354.602 609.200 4.000 353.055 609.682 4.000 354.602
3 16 604.024 4.000 354.602 604.024 4.000 350.862 604.925 4.000 350.413
3 16 604.200 4.000 354.602 604.024 4.000 354.602 604.925 4.000 350.413
3 16 596.000 4.000 356.578 595.736 4.000 356.370 595.736 0.000 356.370
3 16 596.000 0.374 356.578 596.000 4.000 356.578 595.736 0.000 356.370
3 16 596.000 0.374 356.578 595.736 0.000 356.370 596.000 0.000 356.578
3 16 633.500 7.979 349.874 633.500 8.000 349.826 633.500 8.000 349.874
3 16 633.500 4.000 349.826 633.500 8.000 349.826 633.500 7.979 349.874
3 16 633.500 4.000 349.874 633.500 4.000 349.826 633.500 7.979 349.874
3 16 644.494 0.000 356.551 644.494 4.000 356.551 644.000 4.000 356.940
3 16 644.000 0.674 356.940 644.494 0.000 356.551 644.000 4.000 356.940
3 16 644.000 0.674 356.940 644.000 0.000 356.940 644.494 0.000 356.551
3 16 587.214 0.000 363.088 581.000 0.000 367.986 581.000 1.835 367.986
3 16 587.214 4.000 363.088 587.214 0.000 363.088 581.000 1.835 367.986
3 16 581.000 4.000 367.986 587.214 4.000 363.088 581.000 1.835 367.986
3 16 639.068 8.000 352.427 640.000 8.000 353.126 640.000 5.493 353.126
3 16 639.068 4.000 352.427 639.068 8.000 352.427 640.000 5.493 353.126
3 16 640.000 4.000 353.126 639.068 4.000 352.427 640.000 5.493 353.126
3 16 600.000 8.000 353.162 600.980 8.000 352.427 600.000 6.430 353.162
3 16 600.980 4.000 352.427 600.000 4.000 353.162 600.000 6.430 353.162
3 16 600.980 8.000 352.427 600.980 4.000 352.427 600.000 6.430 353.162
3 16 635.127 8.000 350.415 635.127 4.000 350.415 633.500 4.459 349.874
3 16 633.500 5.105 349.874 635.127 8.000 350.415 633.500 4.459 349.874
3 16 633.500 8.000 349.874 635.127 8.000 350.415 633.500 5.105 349.874
3 16 659.000 0.000 367.986 653.357 0.000 363.537 659.000 1.890 367.986
3 16 653.357 4.000 363.537 659.000 4.000 367.986 659.000 1.890 367.986
3 16 653.357 0.000 363.537 653.357 4.000 363.537 659.000 1.890 367.986
3 16 644.494 0.000 356.551 640.000 0.000 353.008 640.000 0.989 353.008
3 16 644.494 4.000 356.551 644.494 0.000 356.551 640.000 0.989 353.008
3 16 640.000 4.000 353.008 644.494 4.000 356.551 640.000 0.989 353.008
3 16 606.500 8.000 349.826 606.500 4.000 349.826 606.500 4.000 349.890
3 16 606.500 7.972 349.890 606.500 8.000 349.826 606.500 4.000 349.890
3 16 606.500 8.000 349.890 606.500 8.000 349.826 606.500 7.972 349.890
3 16 587.214 4.000 363.088 590.000 4.000 365.285 590.000 3.952 365.285
3 16 587.214 0.000 363.088 587.214 4.000 363.088 590.000 3.952 365.285
3 16 590.000 0.000 365.285 587.214 0.000 363.088 590.000 3.952 365.285
3 16 640.000 0.000 363.144 644.000 0.000 363.144 644.000 4.000 363.144
3 16 640.000 3.429 363.144 640.000 0.000 363.144 644.000 4.000 363.144
3 16 640.000 4.000 363.144 640.000 3.429 363.144 644.000 4.000 363.144
3 16 630.000 8.000 349.840 630.000 8.000 349.826 630.000 4.000 349.826
3 16 630.000 4.008 349.840 630.000 8.000 349.840 630.000 4.000 349.826
3 16 630.000 4.000 349.840 630.000 4.008 349.840 630.000 4.000 349.826
3 16 580.751 8.000 368.607 580.751 0.000 368.607 580.000 0.000 371.814
3 16 580.000 0.000 371.814 580.000 8.000 371.814 580.751 8.000 368.607
3 16 650.424 4.000 365.850 653.357 4.000 363.537 653.357 0.000 363.537
3 16 653.357 0.000 363.537 650.424 0.000 365.850 650.424 4.000 365.850
3 16 659.249 4.000 368.607 659.249 8.000 368.607 659.749 8.000 370.744
3 16 659.624 4.000 370.211 659.249 4.000 368.607 659.749 8.000 370.744
3 16 659.749 5.330 370.744 659.624 4.000 370.211 659.749 8.000 370.744
3 16 659.860 6.508 371.216 659.860 8.000 371.216 660.000 8.000 371.815
3 16 659.624 4.000 370.211 659.249 0.000 368.607 659.249 4.000 368.607
3 16 659.749 4.000 370.744 659.624 4.000 370.211 659.749 5.330 370.744
3 16 659.860 6.508 371.216 660.000 8.000 371.815 660.000 4.000 371.815
3 16 659.860 4.000 371.216 659.860 6.508 371.216 660.000 4.000 371.815
3 16 660.000 4.000 371.815 660.000 0.000 371.815 659.249 0.000 368.607
3 16 659.624 4.000 370.211 660.000 4.000 371.815 659.249 0.000 368.607
3 16 659.249 1.000 368.607 659.249 0.000 368.607 659.179 1.000 368.509
3 16 659.249 1.000 368.607 659.179 1.000 368.509 659.000 3.578 368.259
3 16 636.882 4.000 354.602 636.024 4.000 353.542 636.911 4.000 354.602
3 16 636.516 4.000 354.602 636.024 4.000 353.542 636.882 4.000 354.602
3 16 650.000 8.000 364.525 653.133 8.000 367.986 650.000 8.000 364.246
3 16 650.000 8.000 363.645 650.000 8.000 364.246 653.133 8.000 367.986
3 16 650.000 8.000 363.645 654.222 8.000 367.986 650.000 8.000 361.745
3 16 581.473 8.000 367.613 590.000 8.000 364.925 590.000 8.000 361.306
3 16 610.000 7.992 349.840 610.000 8.000 349.826 610.000 8.000 349.840
3 16 610.000 4.000 349.826 610.000 8.000 349.826 610.000 7.992 349.840
3 16 610.000 4.000 349.840 610.000 4.000 349.826 610.000 7.992 349.840
3 16 659.249 0.000 368.607 658.804 0.000 367.986 658.804 1.000 367.986
3 16 640.000 4.000 362.740 640.000 4.000 359.915 640.000 1.000 359.915
3 16 635.127 4.000 350.415 633.668 4.000 349.930 633.500 4.459 349.874
3 16 635.127 8.000 350.415 636.050 8.000 350.875 635.588 4.000 350.645
3 16 604.921 8.000 350.415 604.921 4.000 350.415 604.459 4.000 350.645
3 16 581.028 1.000 368.220 580.751 0.000 368.607 580.751 1.000 368.607
3 16 581.196 1.000 367.986 581.196 0.000 367.986 581.028 1.000 368.220
3 16 603.998 8.000 350.875 604.921 8.000 350.415 604.459 4.000 350.645
3 16 606.500 4.000 349.890 606.380 4.000 349.930 606.500 8.000 349.890
3 16 606.380 4.000 349.930 604.921 8.000 350.415 606.500 8.000 349.890
3 16 635.127 4.000 350.415 635.127 8.000 350.415 635.588 4.000 350.645
3 16 636.050 8.000 350.875 636.050 4.000 350.875 635.588 4.000 350.645
3 16 659.179 1.000 368.509 659.249 0.000 368.607 658.804 1.000 367.986
3 16 659.000 3.578 368.259 659.179 1.000 368.509 659.000 1.000 368.259
3 16 633.500 4.459 349.874 633.668 4.000 349.930 633.500 4.000 349.874
3 16 630.000 4.000 353.414 630.800 4.000 353.055 630.317 4.000 354.602
3 16 630.000 4.000 354.602 630.000 4.000 353.414 630.317 4.000 354.602
3 16 636.050 4.000 350.875 636.050 8.000 350.875 639.068 8.000 352.427
3 16 606.500 4.000 354.602 606.192 4.000 354.602 604.925 4.000 350.413
3 16 606.500 4.000 349.890 606.500 4.000 354.602 604.925 4.000 350.413
3 16 600.000 4.000 354.357 600.000 4.000 354.166 604.024 4.000 351.667
3 16 604.024 4.000 354.602 602.462 4.000 354.602 604.024 4.000 353.542
3 16 636.024 4.000 354.602 635.577 4.000 354.602 633.500 4.000 349.874
3 16 636.024 4.000 350.862 636.024 4.000 354.602 633.500 4.000 349.874
3 16 609.200 4.000 353.055 610.000 4.000 353.414 610.000 4.000 354.602
3 16 609.682 4.000 354.602 609.200 4.000 353.055 610.000 4.000 354.602
3 16 636.024 4.000 351.667 640.000 4.000 354.136 640.000 4.000 354.602
3 16 638.946 4.000 354.602 636.024 4.000 351.667 640.000 4.000 354.602
3 16 636.024 4.000 354.602 636.024 4.000 353.542 636.516 4.000 354.602
3 16 639.068 8.000 352.427 639.068 4.000 352.427 636.050 4.000 350.875
3 16 650.000 8.000 365.516 653.133 8.000 367.986 650.000 8.000 364.525
3 16 589.475 8.000 361.306 581.473 8.000 367.613 590.000 8.000 361.306
3 16 581.196 0.000 367.986 580.751 0.000 368.607 581.028 1.000 368.220
3 16 659.000 8.000 367.986 648.762 8.000 359.915 654.222 8.000 367.986
3 16 654.222 8.000 367.986 650.000 8.000 363.645 653.133 8.000 367.986
3 16 640.000 1.000 359.915 640.000 4.000 359.915 640.000 4.000 353.009
3 16 600.980 4.000 352.427 600.980 8.000 352.427 603.998 8.000 350.875
3 16 603.998 8.000 350.875 603.998 4.000 350.875 600.980 4.000 352.427
3 16 604.921 4.000 350.415 604.921 8.000 350.415 606.380 4.000 349.930
3 16 603.998 4.000 350.875 603.998 8.000 350.875 604.459 4.000 350.645
3 16 600.000 4.000 364.971 598.857 4.000 364.264 600.000 4.000 364.264
3 16 600.000 4.000 364.264 598.857 4.000 364.264 600.000 4.000 363.734
3 16 600.000 4.000 363.734 598.857 4.000 364.264 600.000 4.000 363.448
3 16 599.952 4.000 362.740 598.857 4.000 364.264 596.394 4.000 362.740
3 16 600.000 4.000 363.448 598.857 4.000 364.264 599.952 4.000 362.740
3 16 600.000 4.000 362.740 600.000 4.000 363.448 599.952 4.000 362.740
3 16 600.000 4.000 365.080 598.857 4.000 364.264 600.000 4.000 364.971
3 16 600.000 4.000 365.080 600.000 4.000 368.905 590.000 4.000 365.590
3 16 598.857 4.000 364.264 600.000 4.000 365.080 590.000 4.000 365.590
3 16 590.000 4.000 364.264 598.857 4.000 364.264 590.000 4.000 365.590
3 16 590.000 4.000 370.744 590.000 4.000 365.590 600.000 4.000 368.905
3 16 600.000 4.000 370.744 590.000 4.000 370.744 600.000 4.000 368.905
3 16 590.000 4.000 371.999 590.000 4.000 370.744 600.000 4.000 370.744
3 16 600.000 4.000 371.999 590.000 4.000 371.999 600.000 4.000 370.744
3 16 598.857 4.000 364.264 590.000 4.000 364.264 590.000 4.000 362.740
3 16 590.373 4.000 362.740 598.857 4.000 364.264 590.000 4.000 362.740
3 16 596.394 4.000 362.740 598.857 4.000 364.264 590.373 4.000 362.740
3 16 600.000 8.000 371.999 600.000 8.000 371.291 594.104 8.000 370.744
3 16 590.000 8.000 371.999 600.000 8.000 371.999 594.104 8.000 370.744
3 16 590.000 8.000 370.744 590.000 8.000 371.999 594.104 8.000 370.744
3 16 590.000 8.000 370.744 594.104 8.000 370.744 590.000 8.000 370.363
3 16 590.277 8.000 362.740 596.568 8.000 364.264 593.832 8.000 362.740
3 16 590.000 8.000 364.264 596.568 8.000 364.264 590.277 8.000 362.740
3 16 590.000 8.000 362.740 590.000 8.000 364.264 590.277 8.000 362.740
3 16 600.000 8.000 364.126 596.568 8.000 364.264 600.000 8.000 364.264
3 16 594.455 8.000 362.740 600.000 8.000 364.126 600.000 8.000 362.740
3 16 596.568 8.000 364.264 600.000 8.000 364.126 594.455 8.000 362.740
3 16 594.287 8.000 362.740 596.568 8.000 364.264 594.455 8.000 362.740
3 16 593.832 8.000 362.740 596.568 8.000 364.264 594.287 8.000 362.740
3 16 600.000 8.000 366.297 600.000 8.000 366.176 596.568 8.000 364.264
3 16 600.000 8.000 366.297 596.568 8.000 364.264 590.000 8.000 370.363
3 16 600.000 8.000 370.744 600.000 8.000 366.297 590.000 8.000 370.363
3 16 594.104 8.000 370.744 600.000 8.000 370.744 590.000 8.000 370.363
3 16 600.000 8.000 370.744 594.104 8.000 370.744 600.000 8.000 371.291
3 16 600.000 8.000 364.264 596.568 8.000 364.264 600.000 8.000 366.176
3 16 590.000 8.000 370.363 596.568 8.000 364.264 590.000 8.000 364.264
2 24 584.000 4.000 371.999 584.000 0.000 371.999
2 24 583.902 4.000 371.999 583.902 0.000 371.999
2 24 656.097 4.000 372.000 655.999 4.000 372.000
2 24 584.012 4.000 371.999 583.902 4.000 371.999
2 24 659.000 0.000 367.986 658.804 0.000 367.986
2 24 656.097 0.000 367.986 653.133 0.000 367.986
2 24 586.641 0.000 367.986 583.902 0.000 367.986
2 24 581.196 0.000 367.986 581.000 0.000 367.986
2 24 660.000 1.000 372.428 659.000 1.000 372.428
2 24 581.000 1.000 372.428 580.813 1.000 372.428
2 24 656.097 0.000 372.000 655.999 0.000 372.000
2 24 584.000 0.000 371.999 583.877 0.000 371.999
2 24 660.000 0.000 372.428 659.000 0.000 372.428
2 24 581.000 0.000 372.428 580.046 0.000 372.428
2 24 656.097 4.000 372.000 656.097 0.003 372.000
2 24 655.999 4.000 372.000 655.999 0.000 372.000
2 24 633.500 8.000 349.874 633.500 4.000 349.826
2 24 650.424 4.000 365.850 650.424 0.000 365.850
2 24 659.000 1.000 372.428 658.999 0.808 372.428
2 24 655.999 4.000 413.999 584.000 4.000 413.999
2 24 655.999 4.000 372.000 655.999 4.000 413.999
2 24 659.000 1.000 367.986 659.000 1.000 368.259
2 24 659.000 1.000 372.428 658.999 1.000 418.499
2 24 656.097 4.000 367.986 656.097 4.000 372.000
2 24 660.000 0.000 371.815 660.000 0.000 372.428
2 24 600.000 4.000 353.162 600.000 4.000 354.166
2 24 600.000 4.000 354.357 600.000 4.000 362.740
2 24 606.500 8.000 349.826 606.500 8.000 349.890
2 24 656.097 4.000 367.986 653.133 4.000 367.986
2 24 586.641 4.000 367.986 583.902 4.000 367.986
2 24 660.000 8.000 371.815 659.999 8.000 419.999
2 24 659.860 8.000 370.744 659.860 8.000 371.215
2 24 659.999 8.000 419.999 580.000 8.000 419.999
2 24 580.000 8.000 371.814 580.000 8.000 419.999
2 24 584.000 4.000 371.999 584.000 4.000 413.999
2 24 583.902 4.000 367.986 583.902 4.000 371.999
2 24 600.000 8.000 353.008 600.000 8.000 353.162
2 24 584.000 0.000 371.999 584.000 0.000 413.999
2 24 581.000 0.000 372.428 581.000 0.000 418.499
2 24 580.000 1.000 372.428 580.000 1.000 419.999
2 24 655.999 0.000 413.999 584.000 0.000 413.999
2 24 658.999 0.000 418.499 581.000 0.000 418.499
2 24 659.999 1.000 419.999 580.000 1.000 419.999
2 24 655.999 0.000 372.000 655.999 0.000 413.999
2 24 659.000 0.000 372.428 658.999 0.000 418.499
2 24 581.000 1.000 367.986 581.000 1.000 368.260
2 24 581.000 1.000 372.428 581.000 1.000 418.499
2 24 658.999 1.000 418.499 581.000 1.000 418.499
2 24 660.000 1.000 372.428 659.999 1.000 419.999
2 24 655.999 4.000 413.999 655.999 0.000 413.999
2 24 656.097 4.000 367.986 656.097 0.032 367.986
2 24 660.000 1.000 372.428 660.000 0.000 372.428
2 24 644.494 4.000 356.551 644.494 0.000 356.551
2 24 659.999 8.000 419.999 659.999 1.000 419.999
2 24 580.000 1.000 372.428 580.000 0.000 372.428
2 24 580.000 8.000 419.999 580.000 1.000 419.999
2 24 640.000 8.000 353.126 640.000 4.000 353.126
2 24 640.000 4.050 353.008 640.000 0.000 353.008
2 24 644.000 4.000 356.940 644.000 0.000 356.940
2 24 658.999 1.000 418.499 658.999 0.000 418.499
2 24 581.000 1.000 372.428 581.000 0.000 372.428
2 24 581.000 1.000 418.499 581.000 0.000 418.499
2 24 584.000 4.000 413.999 584.000 0.000 413.999
2 24 659.860 4.000 370.744 659.749 4.000 370.744
2 24 659.000 1.000 367.986 658.804 1.000 367.986
2 24 581.196 1.000 367.986 581.000 1.000 367.986
2 24 659.860 4.000 371.216 659.749 4.000 370.744
2 24 659.860 8.000 371.815 659.860 8.000 371.815
2 24 659.860 4.000 370.744 659.860 4.000 371.216
2 24 640.000 4.000 353.576 640.000 4.000 363.547
2 24 644.000 0.000 356.940 644.000 0.000 363.144
2 24 659.860 8.000 370.744 659.749 8.000 370.744
2 24 600.000 0.000 362.740 596.000 0.000 362.740
2 24 644.000 4.000 356.940 644.000 4.000 363.144
2 24 640.000 8.000 353.008 640.000 8.000 353.126
2 24 659.860 8.000 370.744 659.860 4.000 370.744
2 24 659.749 8.000 370.744 659.749 4.044 370.744
2 24 644.000 4.000 363.144 640.000 4.000 363.144
2 24 600.000 4.000 362.740 596.000 4.000 362.740
2 24 633.500 4.000 349.826 606.500 4.000 349.826
2 24 633.500 8.000 349.826 606.500 8.000 349.826
2 24 610.000 8.000 349.840 610.000 4.000 349.840
2 24 630.000 8.000 349.826 630.000 4.008 349.840
2 24 659.000 8.000 367.986 640.000 8.000 353.008
2 24 659.000 8.000 367.986 659.000 8.000 368.259
2 24 581.000 8.000 367.986 581.000 8.000 368.260
2 24 599.476 8.000 353.421 589.475 8.000 361.306
2 24 640.000 0.000 353.008 640.000 0.000 363.144
2 24 653.133 0.000 367.986 650.424 0.000 365.850
2 24 653.357 0.000 363.537 650.424 0.000 365.850
2 24 659.000 0.000 367.986 653.357 0.000 363.537
2 24 583.145 0.000 371.999 583.154 0.000 371.999
2 24 583.877 0.000 371.999 583.878 0.000 371.999
2 24 658.309 0.000 372.000 658.312 0.000 372.000
2 24 600.000 0.000 353.008 600.000 0.000 362.740
2 24 596.000 4.000 356.578 596.000 4.000 362.740
2 24 590.000 0.000 365.285 587.214 0.000 363.088
2 24 590.000 0.000 365.285 590.000 0.000 365.338
2 24 590.000 0.000 365.338 586.641 0.000 367.986
2 24 587.214 0.000 363.088 581.000 0.000 367.986
2 24 580.000 0.000 371.814 580.000 0.000 372.428
2 24 644.000 0.000 363.144 640.000 0.000 363.144
2 24 596.000 0.000 356.578 596.000 0.000 362.740
2 24 590.000 4.000 368.051 590.000 4.000 368.014
2 24 646.372 4.000 362.673 646.390 4.000 362.673
2 24 586.918 4.000 371.999 586.920 4.000 371.999
2 24 588.716 4.000 371.999 588.718 4.000 371.999
2 24 590.000 4.000 365.285 590.000 4.000 365.338
2 24 635.127 4.000 350.415 633.668 4.000 349.930
2 24 635.588 4.000 350.645 635.127 4.000 350.415
2 24 659.000 8.000 367.986 659.000 0.000 367.986
2 24 658.804 1.000 367.986 658.804 0.000 367.986
2 24 581.196 1.000 367.986 581.196 0.000 367.986
2 24 581.000 8.000 367.986 581.000 0.000 367.986
2 24 583.902 4.000 367.986 583.902 0.000 367.986
2 24 600.000 8.000 353.008 600.000 4.000 353.008
2 24 600.000 8.000 353.162 600.000 4.000 353.162
2 24 600.000 4.000 362.740 600.000 0.000 362.740
2 24 596.000 4.000 362.740 596.000 0.000 362.740
2 24 583.902 1.555 371.999 583.902 1.566 371.999
2 24 583.902 3.985 371.999 583.902 3.997 371.999
2 24 596.000 4.000 356.578 596.000 0.000 356.578
2 24 590.000 4.000 365.338 590.000 0.012 365.338
2 24 590.000 4.000 365.285 590.000 0.000 365.285
2 24 587.214 4.000 363.088 587.214 0.000 363.088
2 24 644.000 4.000 363.144 644.000 0.000 363.144
2 24 606.500 8.000 349.826 606.500 4.000 349.826
2 24 606.500 8.000 349.890 606.500 7.972 349.890
2 24 653.357 4.000 363.537 653.357 0.000 363.537
1 16 599.9995 4.0003 399.8327 0.0000 0.0000 -1.0000 0.0000 1.0000 0.0000 -1.0000 0.0000 0.0000 stud4.dat
1 16 599.9996 4.0003 379.8327 0.0000 0.0000 -1.0000 0.0000 1.0000 0.0000 -1.0000 0.0000 0.0000 stud4.dat
1 16 619.9996 4.0004 399.8328 0.0000 0.0000 -1.0000 0.0000 1.0000 0.0000 -1.0000 0.0000 0.0000 stud4.dat
1 16 619.9996 4.0004 379.8328 0.0000 0.0000 -1.0000 0.0000 1.0000 0.0000 -1.0000 0.0000 0.0000 stud4.dat
1 16 639.9995 4.0004 399.8328 0.0000 0.0000 -1.0000 0.0000 1.0000 0.0000 -1.0000 0.0000 0.0000 stud4.dat
1 16 639.9995 4.0004 379.8328 0.0000 0.0000 -1.0000 0.0000 1.0000 0.0000 -1.0000 0.0000 0.0000 stud4.dat
