0 FILE qm29119.dat 
0 qm29119.dat
0 Name:  qm29119 
0 Author: 
0 CustomBrick 
3 16 -5.0 -12.0 19.999996185302734 -5.0 -14.0 19.999996185302734 0.0 -12.0 19.999996185302734 
3 16 -5.0 -14.0 19.999996185302734 0.0 -14.0 19.999996185302734 0.0 -12.0 19.999996185302734 
3 16 -5.0 -10.000000953674316 19.999998092651367 -5.0 -12.0 19.999996185302734 0.0 -10.000000953674316 19.999998092651367 
3 16 -5.0 -12.0 19.999996185302734 0.0 -12.0 19.999996185302734 0.0 -10.000000953674316 19.999998092651367 
3 16 0.0 -12.0 19.999996185302734 0.0 -14.0 19.999996185302734 5.0 -12.0 19.999996185302734 
3 16 0.0 -14.0 19.999996185302734 5.0 -14.000000953674316 19.999996185302734 5.0 -12.0 19.999996185302734 
3 16 0.0 -10.000000953674316 19.999998092651367 0.0 -12.0 19.999996185302734 5.0 -10.000000953674316 19.999998092651367 
3 16 0.0 -12.0 19.999996185302734 5.0 -12.0 19.999996185302734 5.0 -10.000000953674316 19.999998092651367 
3 16 -10.0 -16.0 19.999996185302734 -7.5 -16.0 19.999996185302734 -10.0 -14.000000953674316 19.999996185302734 
3 16 -10.0 -14.000000953674316 19.999996185302734 -7.5 -16.0 19.999996185302734 -5.0 -14.0 19.999996185302734 
3 16 -5.0 -16.0 19.999996185302734 -2.5 -16.0 19.999996185302734 -5.0 -14.0 19.999996185302734 
3 16 0.0 -14.0 19.999996185302734 -5.0 -14.0 19.999996185302734 -2.5 -16.0 19.999996185302734 
3 16 -2.5 -16.0 19.999996185302734 0.0 -16.0 19.999996185302734 0.0 -14.0 19.999996185302734 
3 16 -5.0 -16.0 19.999996185302734 -5.0 -14.0 19.999996185302734 -7.5 -16.0 19.999996185302734 
3 16 -5.0 -12.0 19.999996185302734 -10.0 -12.000000953674316 19.999996185302734 -5.0 -14.0 19.999996185302734 
3 16 -10.0 -12.000000953674316 19.999996185302734 -10.0 -14.000000953674316 19.999996185302734 -5.0 -14.0 19.999996185302734 
3 16 -10.0 -12.000000953674316 19.999996185302734 -5.0 -12.0 19.999996185302734 -10.0 -10.000000953674316 19.999998092651367 
3 16 -5.0 -12.0 19.999996185302734 -5.0 -10.000000953674316 19.999998092651367 -10.0 -10.000000953674316 19.999998092651367 
3 16 -10.0 -10.000000953674316 19.999998092651367 -5.0 -10.000000953674316 19.999998092651367 -10.0 -8.000000953674316 19.999998092651367 
3 16 -5.0 -10.000000953674316 19.999998092651367 -5.0 -8.000000953674316 19.999998092651367 -10.0 -8.000000953674316 19.999998092651367 
3 16 0.0 -8.000000953674316 19.999998092651367 -5.0 -8.000000953674316 19.999998092651367 0.0 -10.000000953674316 19.999998092651367 
3 16 -5.0 -8.000000953674316 19.999998092651367 -5.0 -10.000000953674316 19.999998092651367 0.0 -10.000000953674316 19.999998092651367 
3 16 0.0 -14.0 19.999996185302734 0.0 -16.0 19.999996185302734 5.0 -14.000000953674316 19.999996185302734 
3 16 0.0 -16.0 19.999996185302734 2.5 -16.0 19.999996185302734 5.0 -14.000000953674316 19.999996185302734 
3 16 5.0 -14.000000953674316 19.999996185302734 2.5 -16.0 19.999996185302734 5.0 -16.0 19.999996185302734 
3 16 7.5 -16.0 19.999996185302734 10.0 -14.0 19.999996185302734 5.0 -14.000000953674316 19.999996185302734 
3 16 10.0 -16.0 19.999996185302734 10.0 -14.0 19.999996185302734 7.5 -16.0 19.999996185302734 
3 16 7.5 -16.0 19.999996185302734 5.0 -14.000000953674316 19.999996185302734 5.0 -16.0 19.999996185302734 
3 16 10.0 -12.000000953674316 19.999996185302734 5.0 -12.0 19.999996185302734 10.0 -14.0 19.999996185302734 
3 16 5.0 -12.0 19.999996185302734 5.0 -14.000000953674316 19.999996185302734 10.0 -14.0 19.999996185302734 
3 16 0.0 -10.000000953674316 19.999998092651367 5.0 -10.000000953674316 19.999998092651367 0.0 -8.000000953674316 19.999998092651367 
3 16 5.0 -10.000000953674316 19.999998092651367 5.0 -8.000000953674316 19.999998092651367 0.0 -8.000000953674316 19.999998092651367 
3 16 5.0 -12.0 19.999996185302734 10.0 -12.000000953674316 19.999996185302734 5.0 -10.000000953674316 19.999998092651367 
3 16 10.0 -12.000000953674316 19.999996185302734 10.0 -10.000000953674316 19.999998092651367 5.0 -10.000000953674316 19.999998092651367 
3 16 5.0 -10.000000953674316 19.999998092651367 10.0 -10.000000953674316 19.999998092651367 5.0 -8.000000953674316 19.999998092651367 
3 16 10.0 -10.000000953674316 19.999998092651367 10.0 -8.000000953674316 19.999998092651367 5.0 -8.000000953674316 19.999998092651367 
3 16 8.5 -2.999997854232788 -19.999998092651367 7.75 -2.999997615814209 -19.999998092651367 8.5 -1.9999979734420776 -19.999998092651367 
3 16 7.75 -2.999997615814209 -19.999998092651367 7.750000476837158 -1.9999979734420776 -19.999998092651367 8.5 -1.9999979734420776 -19.999998092651367 
3 16 8.5 -1.9999979734420776 -19.999998092651367 7.750000476837158 -1.9999979734420776 -19.999998092651367 8.5 -0.9999980926513672 -19.999998092651367 
3 16 7.750000476837158 -1.9999979734420776 -19.999998092651367 7.75 -0.9999980926513672 -19.999998092651367 8.5 -0.9999980926513672 -19.999998092651367 
3 16 9.25 -2.999997615814209 -19.999998092651367 8.5 -2.999997854232788 -19.999998092651367 9.25 -1.9999979734420776 -19.999998092651367 
3 16 8.5 -2.999997854232788 -19.999998092651367 8.5 -1.9999979734420776 -19.999998092651367 9.25 -1.9999979734420776 -19.999998092651367 
3 16 9.25 -1.9999979734420776 -19.999998092651367 8.5 -1.9999979734420776 -19.999998092651367 9.25 -0.9999980926513672 -19.999998092651367 
3 16 8.5 -1.9999979734420776 -19.999998092651367 8.5 -0.9999980926513672 -19.999998092651367 9.25 -0.9999980926513672 -19.999998092651367 
3 16 7.375 -3.999997615814209 -19.999998092651367 7.0 -3.999997615814209 -19.999998092651367 7.0 -3.3329975605010986 -19.999998092651367 
3 16 7.375 -3.999997615814209 -19.999998092651367 7.0 -3.3329975605010986 -19.999998092651367 7.75 -2.999997615814209 -19.999998092651367 
3 16 8.125 -3.999997615814209 -19.999998092651367 7.75 -3.999997615814209 -19.999998092651367 7.75 -2.999997615814209 -19.999998092651367 
3 16 7.75 -2.999997615814209 -19.999998092651367 8.5 -2.999997854232788 -19.999998092651367 8.125 -3.999997615814209 -19.999998092651367 
3 16 8.5 -3.999997615814209 -19.999998092651367 8.125 -3.999997615814209 -19.999998092651367 8.5 -2.999997854232788 -19.999998092651367 
3 16 7.75 -2.999997615814209 -19.999998092651367 7.75 -3.999997615814209 -19.999998092651367 7.375 -3.999997615814209 -19.999998092651367 
3 16 7.75 -2.999997615814209 -19.999998092651367 7.0 -3.3329975605010986 -19.999998092651367 7.0 -2.6669981479644775 -19.999998092651367 
3 16 7.0 -2.6669981479644775 -19.999998092651367 7.0 -1.9999979734420776 -19.999998092651367 7.750000476837158 -1.9999979734420776 -19.999998092651367 
3 16 7.0 -1.3329981565475464 -19.999998092651367 7.0 -0.6669981479644775 -19.999998092651367 7.75 -0.9999980926513672 -19.999998092651367 
3 16 7.75 -0.9999980926513672 -19.999998092651367 7.750000476837158 -1.9999979734420776 -19.999998092651367 7.0 -1.3329981565475464 -19.999998092651367 
3 16 7.750000476837158 -1.9999979734420776 -19.999998092651367 7.0 -1.9999979734420776 -19.999998092651367 7.0 -1.3329981565475464 -19.999998092651367 
3 16 7.0 -0.6669981479644775 -19.999998092651367 7.0 1.8129489944840316e-06 -19.999998092651367 7.75 -0.9999980926513672 -19.999998092651367 
3 16 7.0 1.8129489944840316e-06 -19.999998092651367 7.75 1.8129489944840316e-06 -19.999998092651367 7.75 -0.9999980926513672 -19.999998092651367 
3 16 8.5 1.8129489944840316e-06 -19.999998092651367 8.5 -0.9999980926513672 -19.999998092651367 7.75 1.8129489944840316e-06 -19.999998092651367 
3 16 8.5 -0.9999980926513672 -19.999998092651367 7.75 -0.9999980926513672 -19.999998092651367 7.75 1.8129489944840316e-06 -19.999998092651367 
3 16 7.75 -2.999997615814209 -19.999998092651367 7.0 -2.6669981479644775 -19.999998092651367 7.750000476837158 -1.9999979734420776 -19.999998092651367 
3 16 9.25 -2.999997615814209 -19.999998092651367 8.875 -3.999997615814209 -19.999998092651367 8.5 -2.999997854232788 -19.999998092651367 
3 16 8.875 -3.999997615814209 -19.999998092651367 9.25 -2.999997615814209 -19.999998092651367 9.25 -3.999997615814209 -19.999998092651367 
3 16 10.0 -2.999997854232788 -19.999998092651367 9.625 -3.999997615814209 -19.999998092651367 9.25 -2.999997615814209 -19.999998092651367 
3 16 10.0 -2.999997854232788 -19.999998092651367 10.0 -3.999997615814209 -19.999998092651367 9.625 -3.999997615814209 -19.999998092651367 
3 16 9.25 -2.999997615814209 -19.999998092651367 9.625 -3.999997615814209 -19.999998092651367 9.25 -3.999997615814209 -19.999998092651367 
3 16 9.25 -2.999997615814209 -19.999998092651367 9.25 -1.9999979734420776 -19.999998092651367 10.0 -2.999997854232788 -19.999998092651367 
3 16 9.25 -1.9999979734420776 -19.999998092651367 10.0 -1.9999979734420776 -19.999998092651367 10.0 -2.999997854232788 -19.999998092651367 
3 16 8.5 -0.9999980926513672 -19.999998092651367 8.5 1.8129489944840316e-06 -19.999998092651367 9.25 -0.9999980926513672 -19.999998092651367 
3 16 8.5 1.8129489944840316e-06 -19.999998092651367 9.25 1.8129489944840316e-06 -19.999998092651367 9.25 -0.9999980926513672 -19.999998092651367 
3 16 10.0 -0.9999980926513672 -19.999998092651367 10.0 -1.9999979734420776 -19.999998092651367 9.25 -0.9999980926513672 -19.999998092651367 
3 16 10.0 -1.9999979734420776 -19.999998092651367 9.25 -1.9999979734420776 -19.999998092651367 9.25 -0.9999980926513672 -19.999998092651367 
3 16 10.0 1.8129489944840316e-06 -19.999998092651367 10.0 -0.9999980926513672 -19.999998092651367 9.25 1.8129489944840316e-06 -19.999998092651367 
3 16 10.0 -0.9999980926513672 -19.999998092651367 9.25 -0.9999980926513672 -19.999998092651367 9.25 1.8129489944840316e-06 -19.999998092651367 
3 16 8.5 -3.999997615814209 -19.999998092651367 8.5 -2.999997854232788 -19.999998092651367 8.875 -3.999997615814209 -19.999998092651367 
3 16 -2.0 -3.999999523162842 -3.6258978752812254e-07 -2.0 -5.999999046325684 -5.438846528704744e-07 2.0 -3.999999523162842 -3.6258978752812254e-07 
3 16 -2.0 -5.999999046325684 -5.438846528704744e-07 2.0 -5.999999046325684 -5.438846528704744e-07 2.0 -3.999999523162842 -3.6258978752812254e-07 
3 16 -2.0 -1.999999761581421 -1.8129489376406127e-07 -2.0 -3.999999523162842 -3.6258978752812254e-07 2.0 -1.999999761581421 -1.8129489376406127e-07 
3 16 -2.0 -3.999999523162842 -3.6258978752812254e-07 2.0 -3.999999523162842 -3.6258978752812254e-07 2.0 -1.999999761581421 -1.8129489376406127e-07 
3 16 2.0 -3.999999523162842 -3.6258978752812254e-07 2.0 -5.999999046325684 -5.438846528704744e-07 6.0 -3.999999523162842 -3.6258978752812254e-07 
3 16 2.0 -5.999999046325684 -5.438846528704744e-07 6.0 -5.999999046325684 -5.438846528704744e-07 6.0 -3.999999523162842 -3.6258978752812254e-07 
3 16 2.0 -1.999999761581421 -1.8129489376406127e-07 2.0 -3.999999523162842 -3.6258978752812254e-07 6.000000476837158 -1.999999761581421 -1.8129489376406127e-07 
3 16 2.0 -3.999999523162842 -3.6258978752812254e-07 6.0 -3.999999523162842 -3.6258978752812254e-07 6.000000476837158 -1.999999761581421 -1.8129489376406127e-07 
3 16 -6.0 -7.999999046325684 -7.251795750562451e-07 -2.0 -7.999999046325684 -7.251795750562451e-07 -6.0 -6.666998863220215 -6.04346496402286e-07 
3 16 -2.0 -7.999999046325684 -7.251795750562451e-07 -2.0 -5.999999046325684 -5.438846528704744e-07 -6.0 -6.666998863220215 -6.04346496402286e-07 
3 16 -6.0 -5.3329997062683105 -4.834228661820816e-07 -6.0 -6.666998863220215 -6.04346496402286e-07 -2.0 -5.999999046325684 -5.438846528704744e-07 
3 16 -2.0 -7.999999046325684 -7.251795750562451e-07 -1.5000001192092896 -7.999999046325684 -7.251795750562451e-07 -2.0 -5.999999046325684 -5.438846528704744e-07 
3 16 -2.0 -5.999999046325684 -5.438846528704744e-07 -1.5000001192092896 -7.999999046325684 -7.251795750562451e-07 2.0 -5.999999046325684 -5.438846528704744e-07 
3 16 -1.5000001192092896 -7.999999046325684 -7.251795750562451e-07 1.5 -7.999999046325684 -7.251795750562451e-07 2.0 -5.999999046325684 -5.438846528704744e-07 
3 16 -2.0 -3.999999523162842 -3.6258978752812254e-07 -6.0 -3.999999523162842 -3.6258978752812254e-07 -2.0 -5.999999046325684 -5.438846528704744e-07 
3 16 -6.0 -3.999999523162842 -3.6258978752812254e-07 -6.0 -5.3329997062683105 -4.834228661820816e-07 -2.0 -5.999999046325684 -5.438846528704744e-07 
3 16 -6.0 -3.999999523162842 -3.6258978752812254e-07 -2.0 -3.999999523162842 -3.6258978752812254e-07 -6.0 -2.6670000553131104 -2.417567657175823e-07 
3 16 -2.0 -3.999999523162842 -3.6258978752812254e-07 -2.0 -1.999999761581421 -1.8129489376406127e-07 -6.0 -2.6670000553131104 -2.417567657175823e-07 
3 16 -6.0 -1.3329998254776 -1.2083303602139495e-07 -6.0 -2.6670000553131104 -2.417567657175823e-07 -2.0 -1.999999761581421 -1.8129489376406127e-07 
3 16 -2.0 0.0 0.0 -6.0 0.0 0.0 -2.0 -1.999999761581421 -1.8129489376406127e-07 
3 16 -6.0 0.0 0.0 -6.0 -1.3329998254776 -1.2083303602139495e-07 -2.0 -1.999999761581421 -1.8129489376406127e-07 
3 16 -2.0 -1.999999761581421 -1.8129489376406127e-07 2.0 -1.999999761581421 -1.8129489376406127e-07 -2.0 0.0 0.0 
3 16 2.0 -1.999999761581421 -1.8129489376406127e-07 2.0 0.0 0.0 -2.0 0.0 0.0 
3 16 2.0 -5.999999046325684 -5.438846528704744e-07 1.5 -7.999999046325684 -7.251795750562451e-07 6.0 -5.999999046325684 -5.438846528704744e-07 
3 16 1.5 -7.999999046325684 -7.251795750562451e-07 6.0 -7.999999046325684 -7.251795750562451e-07 6.0 -5.999999046325684 -5.438846528704744e-07 
3 16 6.0 -5.999999046325684 -5.438846528704744e-07 6.0 -7.999999046325684 -7.251795750562451e-07 10.0 -5.999999046325684 -5.438846528704744e-07 
3 16 6.0 -7.999999046325684 -7.251795750562451e-07 8.0 -7.999999046325684 -7.251795750562451e-07 10.0 -5.999999046325684 -5.438846528704744e-07 
3 16 10.0 -7.999999046325684 -7.251795750562451e-07 10.0 -5.999999046325684 -5.438846528704744e-07 8.0 -7.999999046325684 -7.251795750562451e-07 
3 16 10.0 -3.999999523162842 -3.6258978752812254e-07 6.0 -3.999999523162842 -3.6258978752812254e-07 10.0 -5.999999046325684 -5.438846528704744e-07 
3 16 6.0 -3.999999523162842 -3.6258978752812254e-07 6.0 -5.999999046325684 -5.438846528704744e-07 10.0 -5.999999046325684 -5.438846528704744e-07 
3 16 6.0 0.0 0.0 2.0 0.0 0.0 6.000000476837158 -1.999999761581421 -1.8129489376406127e-07 
3 16 2.0 0.0 0.0 2.0 -1.999999761581421 -1.8129489376406127e-07 6.000000476837158 -1.999999761581421 -1.8129489376406127e-07 
3 16 6.0 -3.999999523162842 -3.6258978752812254e-07 10.0 -3.999999523162842 -3.6258978752812254e-07 6.000000476837158 -1.999999761581421 -1.8129489376406127e-07 
3 16 10.0 -3.999999523162842 -3.6258978752812254e-07 10.0 -1.999999761581421 -1.8129489376406127e-07 6.000000476837158 -1.999999761581421 -1.8129489376406127e-07 
3 16 6.000000476837158 -1.999999761581421 -1.8129489376406127e-07 10.0 -1.999999761581421 -1.8129489376406127e-07 6.0 0.0 0.0 
3 16 10.0 -1.999999761581421 -1.8129489376406127e-07 10.0 0.0 0.0 6.0 0.0 0.0 
3 16 -10.000000953674316 -7.999999046325684 -7.251795750562451e-07 -10.0 -13.330998420715332 -1.2084211675755796e-06 -10.0 -13.756999969482422 1.620998740196228 
3 16 -10.000000953674316 -7.999999046325684 -7.251795750562451e-07 -10.0 -13.756999969482422 1.620998740196228 -10.0 -14.35899829864502 4.20299768447876 
3 16 -10.0 -14.35899829864502 4.20299768447876 -10.0 -14.871000289916992 6.804997444152832 -10.0 -10.000000953674316 19.999998092651367 
3 16 -10.0 -15.290999412536621 9.422999382019043 -10.0 -12.000000953674316 19.999996185302734 -10.0 -14.871000289916992 6.804997444152832 
3 16 -10.0 -15.615998268127441 12.055996894836426 -10.0 -12.000000953674316 19.999996185302734 -10.0 -15.290999412536621 9.422999382019043 
3 16 -10.0 -10.000000953674316 19.999998092651367 -10.000000953674316 -7.999999046325684 -7.251795750562451e-07 -10.0 -14.35899829864502 4.20299768447876 
3 16 -10.0 -14.871000289916992 6.804997444152832 -10.0 -12.000000953674316 19.999996185302734 -10.0 -10.000000953674316 19.999998092651367 
3 16 -10.0 -15.615998268127441 12.055996894836426 -10.0 -14.000000953674316 19.999996185302734 -10.0 -12.000000953674316 19.999996185302734 
3 16 -10.0 -15.843999862670898 14.697996139526367 -10.0 -15.972000122070312 17.346996307373047 -10.0 -14.000000953674316 19.999996185302734 
3 16 -10.0 -16.0 19.999996185302734 -10.0 -14.000000953674316 19.999996185302734 -10.0 -15.972000122070312 17.346996307373047 
3 16 -10.0 -14.000000953674316 19.999996185302734 -10.0 -15.615998268127441 12.055996894836426 -10.0 -15.843999862670898 14.697996139526367 
3 16 -10.000000953674316 -7.999999046325684 -7.251795750562451e-07 -10.0 -10.000000953674316 19.999998092651367 -10.0 -8.000000953674316 19.999998092651367 
3 16 10.0 -1.999999761581421 -1.8129489376406127e-07 10.0 -2.999997854232788 -19.999998092651367 10.0 -1.9999979734420776 -19.999998092651367 
3 16 10.0 -1.999999761581421 -1.8129489376406127e-07 10.0 -5.517998218536377 -17.821998596191406 10.0 -2.999997854232788 -19.999998092651367 
3 16 10.0 -5.517998218536377 -17.821998596191406 10.0 -3.999999523162842 -3.6258978752812254e-07 10.0 -6.91799783706665 -15.570000648498535 
3 16 10.0 -0.9999980926513672 -19.999998092651367 10.0 -1.999999761581421 -1.8129489376406127e-07 10.0 -1.9999979734420776 -19.999998092651367 
3 16 10.0 -6.91799783706665 -15.570000648498535 10.0 -3.999999523162842 -3.6258978752812254e-07 10.0 -5.999999046325684 -5.438846528704744e-07 
3 16 10.0 -5.517998218536377 -17.821998596191406 10.0 -3.999997615814209 -19.999998092651367 10.0 -2.999997854232788 -19.999998092651367 
3 16 10.0 -0.9999980926513672 -19.999998092651367 10.0 1.8129489944840316e-06 -19.999998092651367 10.0 0.0 0.0 
3 16 10.0 -7.999999046325684 -7.251795750562451e-07 10.0 -9.378996849060059 -10.875 10.0 -8.203999519348145 -13.251999855041504 
3 16 10.0 -7.999999046325684 -7.251795750562451e-07 10.0 -10.44899845123291 -8.446999549865723 10.0 -9.378996849060059 -10.875 
3 16 10.0 -6.91799783706665 -15.570000648498535 10.0 -5.999999046325684 -5.438846528704744e-07 10.0 -8.203999519348145 -13.251999855041504 
3 16 10.0 -11.417998313903809 -5.9760003089904785 10.0 -7.999999046325684 -7.251795750562451e-07 10.0 -12.2889986038208 -3.4700005054473877 
3 16 10.0 -7.999999046325684 -7.251795750562451e-07 10.0 -11.417998313903809 -5.9760003089904785 10.0 -10.44899845123291 -8.446999549865723 
3 16 10.0 -13.066998481750488 -0.9360010623931885 10.0 -12.2889986038208 -3.4700005054473877 10.0 -7.999999046325684 -7.251795750562451e-07 
3 16 10.0 -7.999999046325684 -7.251795750562451e-07 10.0 -13.756999969482422 1.620998740196228 10.0 -13.066998481750488 -0.9360010623931885 
3 16 10.0 -5.999999046325684 -5.438846528704744e-07 10.0 -7.999999046325684 -7.251795750562451e-07 10.0 -8.203999519348145 -13.251999855041504 
3 16 10.0 0.0 0.0 10.0 -1.999999761581421 -1.8129489376406127e-07 10.0 -0.9999980926513672 -19.999998092651367 
3 16 10.0 -1.999999761581421 -1.8129489376406127e-07 10.0 -3.999999523162842 -3.6258978752812254e-07 10.0 -5.517998218536377 -17.821998596191406 
3 16 10.0 -14.359997749328613 4.20299768447876 10.0 -7.999999046325684 -7.251795750562451e-07 10.0 -10.000000953674316 19.999998092651367 
3 16 10.0 -14.871999740600586 6.803997993469238 10.0 -10.000000953674316 19.999998092651367 10.0 -12.000000953674316 19.999996185302734 
3 16 10.0 -14.359997749328613 4.20299768447876 10.0 -13.756999969482422 1.620998740196228 10.0 -7.999999046325684 -7.251795750562451e-07 
3 16 10.0 -7.999999046325684 -7.251795750562451e-07 10.0 -8.000000953674316 19.999998092651367 10.0 -10.000000953674316 19.999998092651367 
3 16 10.0 -15.290999412536621 9.422999382019043 10.0 -14.871999740600586 6.803997993469238 10.0 -12.000000953674316 19.999996185302734 
3 16 10.0 -15.615998268127441 12.055996894836426 10.0 -15.290999412536621 9.422999382019043 10.0 -12.000000953674316 19.999996185302734 
3 16 10.0 -14.359997749328613 4.20299768447876 10.0 -10.000000953674316 19.999998092651367 10.0 -14.871999740600586 6.803997993469238 
3 16 10.0 -15.843999862670898 14.697996139526367 10.0 -14.0 19.999996185302734 10.0 -15.972997665405273 17.346996307373047 
3 16 10.0 -14.0 19.999996185302734 10.0 -15.843999862670898 14.697996139526367 10.0 -15.615998268127441 12.055996894836426 
3 16 10.0 -16.0 19.999996185302734 10.0 -15.972997665405273 17.346996307373047 10.0 -14.0 19.999996185302734 
3 16 10.0 -15.615998268127441 12.055996894836426 10.0 -12.000000953674316 19.999996185302734 10.0 -14.0 19.999996185302734 
3 16 -6.0 -8.000000953674316 15.99999713897705 6.0 -8.000000953674316 15.99999713897705 -6.0 -12.0 15.99999713897705 
3 16 6.0 -8.000000953674316 15.99999713897705 6.0 -12.0 15.99999713897705 -6.0 -12.0 15.99999713897705 
3 16 -6.0 -7.999999046325684 -7.251795750562451e-07 -6.0 -9.999999046325684 3.9999985694885254 -6.0 -9.999999046325684 -9.064744972420158e-07 
3 16 -6.0 -9.999999046325684 3.9999985694885254 -6.0 -7.999999046325684 -7.251795750562451e-07 -6.000000476837158 -8.0 9.999998092651367 
3 16 -6.0 -8.000000953674316 15.99999713897705 -6.0 -12.0 15.99999713897705 -6.000000476837158 -8.0 9.999998092651367 
3 16 -6.0 -12.0 15.99999713897705 -6.0 -11.999999046325684 9.999998092651367 -6.000000476837158 -8.0 9.999998092651367 
3 16 -6.000000476837158 -8.0 9.999998092651367 -6.0 -11.999999046325684 9.999998092651367 -6.0 -9.999999046325684 3.9999985694885254 
3 16 -1.5 -9.999999046325684 -9.064744972420158e-07 -1.5000001192092896 -7.999999046325684 -7.251795750562451e-07 -2.0 -7.999999046325684 -7.251795750562451e-07 
3 16 -6.0 -7.999999046325684 -7.251795750562451e-07 -6.0 -9.999999046325684 -9.064744972420158e-07 -2.0 -7.999999046325684 -7.251795750562451e-07 
3 16 -6.0 -9.999999046325684 -9.064744972420158e-07 -1.5 -9.999999046325684 -9.064744972420158e-07 -2.0 -7.999999046325684 -7.251795750562451e-07 
3 16 6.0 -12.0 15.99999713897705 6.0 -11.999999046325684 9.999998092651367 -6.0 -12.0 15.99999713897705 
3 16 6.0 -11.999999046325684 9.999998092651367 -6.0 -11.999999046325684 9.999998092651367 -6.0 -12.0 15.99999713897705 
3 16 -1.5 -9.999999046325684 3.9999985694885254 -1.5 -9.999999046325684 -9.064744972420158e-07 -6.0 -9.999999046325684 3.9999985694885254 
3 16 -1.5 -9.999999046325684 -9.064744972420158e-07 -6.0 -9.999999046325684 -9.064744972420158e-07 -6.0 -9.999999046325684 3.9999985694885254 
3 16 2.246999979019165 -10.14599895477295 4.43699836730957 6.0 -9.999999046325684 3.9999985694885254 1.5 -9.999999046325684 3.9999985694885254 
3 16 6.0 -9.999999046325684 3.9999985694885254 2.246999979019165 -10.14599895477295 4.43699836730957 2.7870001792907715 -10.229000091552734 4.68699836730957 
3 16 2.7870001792907715 -10.229000091552734 4.68699836730957 3.295999765396118 -10.329000473022461 4.986998558044434 6.0 -9.999999046325684 3.9999985694885254 
3 16 3.7709999084472656 -10.444999694824219 5.333998680114746 6.0 -9.999999046325684 3.9999985694885254 3.295999765396118 -10.329000473022461 4.986998558044434 
3 16 1.5 -9.999999046325684 3.9999985694885254 0.0 -9.999999046325684 3.9999985694885254 0.5529999732971191 -10.00899887084961 4.025999069213867 
3 16 0.5529999732971191 -10.00899887084961 4.025999069213867 1.1009999513626099 -10.0339994430542 4.101999282836914 1.5 -9.999999046325684 3.9999985694885254 
3 16 1.1009999513626099 -10.0339994430542 4.101999282836914 1.682999849319458 -10.079999923706055 4.240999221801758 1.5 -9.999999046325684 3.9999985694885254 
3 16 2.246999979019165 -10.14599895477295 4.43699836730957 1.5 -9.999999046325684 3.9999985694885254 1.682999849319458 -10.079999923706055 4.240999221801758 
3 16 5.540999889373779 -11.233000755310059 7.697997093200684 5.739999771118164 -11.418000221252441 8.252997398376465 6.0 -9.999999046325684 3.9999985694885254 
3 16 5.883999347686768 -11.608000755310059 8.824997901916504 5.9710001945495605 -11.803000450134277 9.408998489379883 6.0 -9.999999046325684 3.9999985694885254 
3 16 5.9710001945495605 -11.803000450134277 9.408998489379883 6.0 -11.999999046325684 9.999998092651367 6.0 -9.999999046325684 3.9999985694885254 
3 16 6.0 -9.999999046325684 3.9999985694885254 5.739999771118164 -11.418000221252441 8.252997398376465 5.883999347686768 -11.608000755310059 8.824997901916504 
3 16 3.7709999084472656 -10.444999694824219 5.333998680114746 4.209000110626221 -10.574999809265137 5.723998069763184 6.0 -9.999999046325684 3.9999985694885254 
3 16 4.619999408721924 -10.723999977111816 6.171998500823975 4.980000019073486 -10.884000778198242 6.652997970581055 6.0 -9.999999046325684 3.9999985694885254 
3 16 4.980000019073486 -10.884000778198242 6.652997970581055 5.2870001792907715 -11.053999900817871 7.162999153137207 6.0 -9.999999046325684 3.9999985694885254 
3 16 6.0 -9.999999046325684 3.9999985694885254 4.209000110626221 -10.574999809265137 5.723998069763184 4.619999408721924 -10.723999977111816 6.171998500823975 
3 16 5.2870001792907715 -11.053999900817871 7.162999153137207 5.540999889373779 -11.233000755310059 7.697997093200684 6.0 -9.999999046325684 3.9999985694885254 
3 16 1.5 -7.999999046325684 -7.251795750562451e-07 1.5 -9.999999046325684 -9.064744972420158e-07 6.0 -7.999999046325684 -7.251795750562451e-07 
3 16 1.5 -9.999999046325684 -9.064744972420158e-07 6.0 -9.999999046325684 -9.064744972420158e-07 6.0 -7.999999046325684 -7.251795750562451e-07 
3 16 6.0 -9.999999046325684 3.9999985694885254 6.0 -9.999999046325684 -9.064744972420158e-07 1.5 -9.999999046325684 3.9999985694885254 
3 16 6.0 -9.999999046325684 -9.064744972420158e-07 1.5 -9.999999046325684 -9.064744972420158e-07 1.5 -9.999999046325684 3.9999985694885254 
3 16 1.5 -7.999999046325684 -7.251795750562451e-07 1.5 -7.999999523162842 3.9999988079071045 1.5 -9.999999046325684 -9.064744972420158e-07 
3 16 1.5 -7.999999523162842 3.9999988079071045 1.5 -9.999999046325684 3.9999985694885254 1.5 -9.999999046325684 -9.064744972420158e-07 
3 16 -1.5 -7.999999523162842 3.9999988079071045 -1.5000001192092896 -7.999999046325684 -7.251795750562451e-07 -1.5 -9.999999046325684 3.9999985694885254 
3 16 -1.5000001192092896 -7.999999046325684 -7.251795750562451e-07 -1.5 -9.999999046325684 -9.064744972420158e-07 -1.5 -9.999999046325684 3.9999985694885254 
3 16 -1.5000001192092896 -7.999999046325684 -7.251795750562451e-07 -1.5 -7.999999523162842 3.9999988079071045 0.0 -7.999999523162842 3.9999988079071045 
3 16 1.5 -7.999999046325684 -7.251795750562451e-07 0.0 -7.999999523162842 3.9999988079071045 1.5 -7.999999523162842 3.9999988079071045 
3 16 0.0 -7.999999523162842 3.9999988079071045 1.5 -7.999999046325684 -7.251795750562451e-07 -1.5000001192092896 -7.999999046325684 -7.251795750562451e-07 
3 16 -6.0 -7.999999046325684 -7.251795750562451e-07 -10.000000953674316 -7.999999046325684 -7.251795750562451e-07 -6.000000476837158 -8.0 9.999998092651367 
3 16 -6.000000476837158 -8.0 9.999998092651367 -10.000000953674316 -7.999999046325684 -7.251795750562451e-07 -10.0 -8.000000953674316 19.999998092651367 
3 16 -6.0 -8.000000953674316 15.99999713897705 -10.0 -8.000000953674316 19.999998092651367 -5.0 -8.000000953674316 19.999998092651367 
3 16 -10.0 -8.000000953674316 19.999998092651367 -6.0 -8.000000953674316 15.99999713897705 -6.000000476837158 -8.0 9.999998092651367 
3 16 -5.0 -8.000000953674316 19.999998092651367 0.0 -8.000000953674316 19.999998092651367 -6.0 -8.000000953674316 15.99999713897705 
3 16 0.0 -8.000000953674316 19.999998092651367 5.0 -8.000000953674316 19.999998092651367 -6.0 -8.000000953674316 15.99999713897705 
3 16 5.0 -8.000000953674316 19.999998092651367 6.0 -8.000000953674316 15.99999713897705 -6.0 -8.000000953674316 15.99999713897705 
3 16 8.0 -7.999999046325684 -7.251795750562451e-07 6.0 -7.999999046325684 -7.251795750562451e-07 6.0 -8.0 9.999998092651367 
3 16 10.0 -7.999999046325684 -7.251795750562451e-07 8.0 -7.999999046325684 -7.251795750562451e-07 6.0 -8.0 9.999998092651367 
3 16 10.0 -8.000000953674316 19.999998092651367 6.0 -8.000000953674316 15.99999713897705 5.0 -8.000000953674316 19.999998092651367 
3 16 6.0 -8.000000953674316 15.99999713897705 10.0 -8.000000953674316 19.999998092651367 6.0 -8.0 9.999998092651367 
3 16 10.0 -7.999999046325684 -7.251795750562451e-07 6.0 -8.0 9.999998092651367 10.0 -8.000000953674316 19.999998092651367 
3 16 -4.063999652862549 -11.999999046325684 5.585998058319092 3.2820003032684326 -11.999998092651367 4.976999759674072 -3.2820003032684326 -11.999998092651367 4.976999759674072 
3 16 1.472999930381775 -11.999998092651367 4.183998107910156 -1.472999930381775 -11.999998092651367 4.183998107910156 2.4100000858306885 -11.999998092651367 4.50499963760376 
3 16 -1.472999930381775 -11.999998092651367 4.183998107910156 -2.4100000858306885 -11.999998092651367 4.504999160766602 2.4100000858306885 -11.999998092651367 4.50499963760376 
3 16 -2.4100000858306885 -11.999998092651367 4.504999160766602 -3.2820003032684326 -11.999998092651367 4.976999759674072 2.4100000858306885 -11.999998092651367 4.50499963760376 
3 16 -4.063999652862549 -11.999999046325684 5.585998058319092 -4.7350006103515625 -11.999999046325684 6.314998149871826 4.063999652862549 -11.999999046325684 5.585998058319092 
3 16 -5.674999713897705 -11.999999046325684 8.05199909210205 -5.917999744415283 -11.999999046325684 9.011998176574707 5.918000221252441 -11.999999046325684 9.011999130249023 
3 16 -5.277000427246094 -11.999999046325684 7.143998146057129 5.277000427246094 -11.999999046325684 7.143998146057129 -4.7350006103515625 -11.999999046325684 6.314998149871826 
3 16 5.674999713897705 -11.999999046325684 8.052000045776367 -5.277000427246094 -11.999999046325684 7.143998146057129 -5.674999713897705 -11.999999046325684 8.05199909210205 
3 16 -5.917999744415283 -11.999999046325684 9.011998176574707 -6.0 -11.999999046325684 9.999998092651367 5.918000221252441 -11.999999046325684 9.011999130249023 
3 16 0.4949999451637268 -11.999998092651367 4.019998550415039 -0.4949999451637268 -11.999998092651367 4.019998550415039 1.472999930381775 -11.999998092651367 4.183998107910156 
3 16 -0.4949999451637268 -11.999998092651367 4.019998550415039 -1.472999930381775 -11.999998092651367 4.183998107910156 1.472999930381775 -11.999998092651367 4.183998107910156 
3 16 -4.063999652862549 -11.999999046325684 5.585998058319092 4.063999652862549 -11.999999046325684 5.585998058319092 3.2820003032684326 -11.999998092651367 4.976999759674072 
3 16 2.4100000858306885 -11.999998092651367 4.50499963760376 -3.2820003032684326 -11.999998092651367 4.976999759674072 3.2820003032684326 -11.999998092651367 4.976999759674072 
3 16 4.735000133514404 -11.999999046325684 6.314997673034668 4.063999652862549 -11.999999046325684 5.585998058319092 -4.7350006103515625 -11.999999046325684 6.314998149871826 
3 16 -5.277000427246094 -11.999999046325684 7.143998146057129 5.674999713897705 -11.999999046325684 8.052000045776367 5.277000427246094 -11.999999046325684 7.143998146057129 
3 16 5.918000221252441 -11.999999046325684 9.011999130249023 -6.0 -11.999999046325684 9.999998092651367 6.0 -11.999999046325684 9.999998092651367 
3 16 5.918000221252441 -11.999999046325684 9.011999130249023 5.674999713897705 -11.999999046325684 8.052000045776367 -5.674999713897705 -11.999999046325684 8.05199909210205 
3 16 -4.7350006103515625 -11.999999046325684 6.314998149871826 5.277000427246094 -11.999999046325684 7.143998146057129 4.735000133514404 -11.999999046325684 6.314997673034668 
3 16 6.0 -8.000000953674316 15.99999713897705 6.0 -8.0 9.999998092651367 6.0 -12.0 15.99999713897705 
3 16 6.0 -8.0 9.999998092651367 6.0 -11.999999046325684 9.999998092651367 6.0 -12.0 15.99999713897705 
3 16 6.0 -9.999999046325684 3.9999985694885254 6.0 -7.999999046325684 -7.251795750562451e-07 6.0 -9.999999046325684 -9.064744972420158e-07 
3 16 6.0 -9.999999046325684 3.9999985694885254 6.0 -11.999999046325684 9.999998092651367 6.0 -8.0 9.999998092651367 
3 16 6.0 -9.999999046325684 3.9999985694885254 6.0 -8.0 9.999998092651367 6.0 -7.999999046325684 -7.251795750562451e-07 
3 16 0.0 -9.999999046325684 3.9999985694885254 -1.5 -9.999999046325684 3.9999985694885254 -0.09399998933076859 -9.999999046325684 4.000998497009277 
3 16 -1.2940000295639038 -10.046998977661133 4.140997886657715 -0.7010000348091125 -10.013998985290527 4.040998458862305 -1.5 -9.999999046325684 3.9999985694885254 
3 16 -0.7010000348091125 -10.013998985290527 4.040998458862305 -0.09399998933076859 -9.999999046325684 4.000998497009277 -1.5 -9.999999046325684 3.9999985694885254 
3 16 -1.2940000295639038 -10.046998977661133 4.140997886657715 -1.5 -9.999999046325684 3.9999985694885254 -1.868999719619751 -10.0989990234375 4.297998428344727 
3 16 -2.4220001697540283 -10.169998168945312 4.5099992752075195 -1.5 -9.999999046325684 3.9999985694885254 -6.0 -9.999999046325684 3.9999985694885254 
3 16 -1.5 -9.999999046325684 3.9999985694885254 -2.4220001697540283 -10.169998168945312 4.5099992752075195 -1.868999719619751 -10.0989990234375 4.297998428344727 
3 16 -3.44700026512146 -10.362998962402344 5.088998794555664 -2.9489996433258057 -10.257999420166016 4.774998664855957 -6.0 -9.999999046325684 3.9999985694885254 
3 16 -2.9489996433258057 -10.257999420166016 4.774998664855957 -2.4220001697540283 -10.169998168945312 4.5099992752075195 -6.0 -9.999999046325684 3.9999985694885254 
3 16 -3.44700026512146 -10.362998962402344 5.088998794555664 -6.0 -9.999999046325684 3.9999985694885254 -3.9130003452301025 -10.484000205993652 5.450998783111572 
3 16 -4.341000080108643 -10.619000434875488 5.857998847961426 -3.9130003452301025 -10.484000205993652 5.450998783111572 -6.0 -9.999999046325684 3.9999985694885254 
3 16 -5.341000080108643 -11.08799934387207 7.264997959136963 -5.056000232696533 -10.923001289367676 6.768998622894287 -6.0 -9.999999046325684 3.9999985694885254 
3 16 -5.056000232696533 -10.923001289367676 6.768998622894287 -4.7230000495910645 -10.765999794006348 6.29899787902832 -6.0 -9.999999046325684 3.9999985694885254 
3 16 -4.7230000495910645 -10.765999794006348 6.29899787902832 -4.341000080108643 -10.619000434875488 5.857998847961426 -6.0 -9.999999046325684 3.9999985694885254 
3 16 -5.760000705718994 -11.440000534057617 8.319997787475586 -5.576000213623047 -11.261000633239746 7.782998561859131 -6.0 -9.999999046325684 3.9999985694885254 
3 16 -6.0 -11.999999046325684 9.999998092651367 -5.973000526428223 -11.810999870300293 9.431998252868652 -6.0 -9.999999046325684 3.9999985694885254 
3 16 -5.973000526428223 -11.810999870300293 9.431998252868652 -5.893000602722168 -11.623000144958496 8.86999797821045 -6.0 -9.999999046325684 3.9999985694885254 
3 16 -5.893000602722168 -11.623000144958496 8.86999797821045 -5.760000705718994 -11.440000534057617 8.319997787475586 -6.0 -9.999999046325684 3.9999985694885254 
3 16 -5.576000213623047 -11.261000633239746 7.782998561859131 -5.341000080108643 -11.08799934387207 7.264997959136963 -6.0 -9.999999046325684 3.9999985694885254 
3 16 1.5 -7.999999523162842 3.9999988079071045 0.0 -7.999999523162842 3.9999988079071045 1.5 -9.999999046325684 3.9999985694885254 
3 16 0.0 -7.999999523162842 3.9999988079071045 0.0 -9.999999046325684 3.9999985694885254 1.5 -9.999999046325684 3.9999985694885254 
3 16 -1.5 -9.999999046325684 3.9999985694885254 0.0 -9.999999046325684 3.9999985694885254 -1.5 -7.999999523162842 3.9999988079071045 
3 16 0.0 -9.999999046325684 3.9999985694885254 0.0 -7.999999523162842 3.9999988079071045 -1.5 -7.999999523162842 3.9999988079071045 
3 16 5.918000221252441 -11.999999046325684 9.011999130249023 6.0 -11.999999046325684 9.999998092651367 5.9710001945495605 -11.803000450134277 9.408998489379883 
3 16 5.674999713897705 -11.999999046325684 8.052000045776367 5.918000221252441 -11.999999046325684 9.011999130249023 5.883999347686768 -11.608000755310059 8.824997901916504 
3 16 5.883999347686768 -11.608000755310059 8.824997901916504 5.918000221252441 -11.999999046325684 9.011999130249023 5.9710001945495605 -11.803000450134277 9.408998489379883 
3 16 5.674999713897705 -11.999999046325684 8.052000045776367 5.883999347686768 -11.608000755310059 8.824997901916504 5.739999771118164 -11.418000221252441 8.252997398376465 
3 16 5.674999713897705 -11.999999046325684 8.052000045776367 5.739999771118164 -11.418000221252441 8.252997398376465 5.540999889373779 -11.233000755310059 7.697997093200684 
3 16 5.674999713897705 -11.999999046325684 8.052000045776367 5.540999889373779 -11.233000755310059 7.697997093200684 5.277000427246094 -11.999999046325684 7.143998146057129 
3 16 5.277000427246094 -11.999999046325684 7.143998146057129 4.980000019073486 -10.884000778198242 6.652997970581055 4.735000133514404 -11.999999046325684 6.314997673034668 
3 16 4.063999652862549 -11.999999046325684 5.585998058319092 3.7709999084472656 -10.444999694824219 5.333998680114746 3.2820003032684326 -11.999998092651367 4.976999759674072 
3 16 2.4100000858306885 -11.999998092651367 4.50499963760376 1.682999849319458 -10.079999923706055 4.240999221801758 1.472999930381775 -11.999998092651367 4.183998107910156 
3 16 3.2820003032684326 -11.999998092651367 4.976999759674072 2.7870001792907715 -10.229000091552734 4.68699836730957 2.4100000858306885 -11.999998092651367 4.50499963760376 
3 16 4.735000133514404 -11.999999046325684 6.314997673034668 4.619999408721924 -10.723999977111816 6.171998500823975 4.063999652862549 -11.999999046325684 5.585998058319092 
3 16 1.472999930381775 -11.999998092651367 4.183998107910156 1.1009999513626099 -10.0339994430542 4.101999282836914 0.4949999451637268 -11.999998092651367 4.019998550415039 
3 16 4.735000133514404 -11.999999046325684 6.314997673034668 4.980000019073486 -10.884000778198242 6.652997970581055 4.619999408721924 -10.723999977111816 6.171998500823975 
3 16 4.980000019073486 -10.884000778198242 6.652997970581055 5.277000427246094 -11.999999046325684 7.143998146057129 5.2870001792907715 -11.053999900817871 7.162999153137207 
3 16 3.7709999084472656 -10.444999694824219 5.333998680114746 4.063999652862549 -11.999999046325684 5.585998058319092 4.209000110626221 -10.574999809265137 5.723998069763184 
3 16 4.209000110626221 -10.574999809265137 5.723998069763184 4.063999652862549 -11.999999046325684 5.585998058319092 4.619999408721924 -10.723999977111816 6.171998500823975 
3 16 5.277000427246094 -11.999999046325684 7.143998146057129 5.540999889373779 -11.233000755310059 7.697997093200684 5.2870001792907715 -11.053999900817871 7.162999153137207 
3 16 2.246999979019165 -10.14599895477295 4.43699836730957 2.4100000858306885 -11.999998092651367 4.50499963760376 2.7870001792907715 -10.229000091552734 4.68699836730957 
3 16 3.295999765396118 -10.329000473022461 4.986998558044434 2.7870001792907715 -10.229000091552734 4.68699836730957 3.2820003032684326 -11.999998092651367 4.976999759674072 
3 16 1.472999930381775 -11.999998092651367 4.183998107910156 1.682999849319458 -10.079999923706055 4.240999221801758 1.1009999513626099 -10.0339994430542 4.101999282836914 
3 16 1.1009999513626099 -10.0339994430542 4.101999282836914 0.5529999732971191 -10.00899887084961 4.025999069213867 0.4949999451637268 -11.999998092651367 4.019998550415039 
3 16 2.4100000858306885 -11.999998092651367 4.50499963760376 2.246999979019165 -10.14599895477295 4.43699836730957 1.682999849319458 -10.079999923706055 4.240999221801758 
3 16 3.2820003032684326 -11.999998092651367 4.976999759674072 3.7709999084472656 -10.444999694824219 5.333998680114746 3.295999765396118 -10.329000473022461 4.986998558044434 
3 16 0.5529999732971191 -10.00899887084961 4.025999069213867 0.0 -9.999999046325684 3.9999985694885254 0.4949999451637268 -11.999998092651367 4.019998550415039 
3 16 -0.4949999451637268 -11.999998092651367 4.019998550415039 0.4949999451637268 -11.999998092651367 4.019998550415039 0.0 -9.999999046325684 3.9999985694885254 
3 16 -0.4949999451637268 -11.999998092651367 4.019998550415039 -0.7010000348091125 -10.013998985290527 4.040998458862305 -1.472999930381775 -11.999998092651367 4.183998107910156 
3 16 -1.472999930381775 -11.999998092651367 4.183998107910156 -1.868999719619751 -10.0989990234375 4.297998428344727 -2.4100000858306885 -11.999998092651367 4.504999160766602 
3 16 -3.2820003032684326 -11.999998092651367 4.976999759674072 -3.9130003452301025 -10.484000205993652 5.450998783111572 -4.063999652862549 -11.999999046325684 5.585998058319092 
3 16 -4.063999652862549 -11.999999046325684 5.585998058319092 -4.341000080108643 -10.619000434875488 5.857998847961426 -4.7350006103515625 -11.999999046325684 6.314998149871826 
3 16 -2.4100000858306885 -11.999998092651367 4.504999160766602 -2.9489996433258057 -10.257999420166016 4.774998664855957 -3.2820003032684326 -11.999998092651367 4.976999759674072 
3 16 -5.277000427246094 -11.999999046325684 7.143998146057129 -5.576000213623047 -11.261000633239746 7.782998561859131 -5.674999713897705 -11.999999046325684 8.05199909210205 
3 16 -5.917999744415283 -11.999999046325684 9.011998176574707 -5.674999713897705 -11.999999046325684 8.05199909210205 -5.760000705718994 -11.440000534057617 8.319997787475586 
3 16 -5.917999744415283 -11.999999046325684 9.011998176574707 -5.760000705718994 -11.440000534057617 8.319997787475586 -5.893000602722168 -11.623000144958496 8.86999797821045 
3 16 -5.917999744415283 -11.999999046325684 9.011998176574707 -5.893000602722168 -11.623000144958496 8.86999797821045 -5.973000526428223 -11.810999870300293 9.431998252868652 
3 16 -6.0 -11.999999046325684 9.999998092651367 -5.917999744415283 -11.999999046325684 9.011998176574707 -5.973000526428223 -11.810999870300293 9.431998252868652 
3 16 -5.277000427246094 -11.999999046325684 7.143998146057129 -4.7350006103515625 -11.999999046325684 6.314998149871826 -5.056000232696533 -10.923001289367676 6.768998622894287 
3 16 -5.674999713897705 -11.999999046325684 8.05199909210205 -5.576000213623047 -11.261000633239746 7.782998561859131 -5.760000705718994 -11.440000534057617 8.319997787475586 
3 16 -2.4220001697540283 -10.169998168945312 4.5099992752075195 -2.4100000858306885 -11.999998092651367 4.504999160766602 -1.868999719619751 -10.0989990234375 4.297998428344727 
3 16 -1.2940000295639038 -10.046998977661133 4.140997886657715 -1.868999719619751 -10.0989990234375 4.297998428344727 -1.472999930381775 -11.999998092651367 4.183998107910156 
3 16 -0.7010000348091125 -10.013998985290527 4.040998458862305 -0.4949999451637268 -11.999998092651367 4.019998550415039 -0.09399998933076859 -9.999999046325684 4.000998497009277 
3 16 -1.2940000295639038 -10.046998977661133 4.140997886657715 -1.472999930381775 -11.999998092651367 4.183998107910156 -0.7010000348091125 -10.013998985290527 4.040998458862305 
3 16 -2.9489996433258057 -10.257999420166016 4.774998664855957 -2.4100000858306885 -11.999998092651367 4.504999160766602 -2.4220001697540283 -10.169998168945312 4.5099992752075195 
3 16 -4.7230000495910645 -10.765999794006348 6.29899787902832 -5.056000232696533 -10.923001289367676 6.768998622894287 -4.7350006103515625 -11.999999046325684 6.314998149871826 
3 16 -4.7350006103515625 -11.999999046325684 6.314998149871826 -4.341000080108643 -10.619000434875488 5.857998847961426 -4.7230000495910645 -10.765999794006348 6.29899787902832 
3 16 -3.44700026512146 -10.362998962402344 5.088998794555664 -3.2820003032684326 -11.999998092651367 4.976999759674072 -2.9489996433258057 -10.257999420166016 4.774998664855957 
3 16 -3.9130003452301025 -10.484000205993652 5.450998783111572 -3.2820003032684326 -11.999998092651367 4.976999759674072 -3.44700026512146 -10.362998962402344 5.088998794555664 
3 16 -4.063999652862549 -11.999999046325684 5.585998058319092 -3.9130003452301025 -10.484000205993652 5.450998783111572 -4.341000080108643 -10.619000434875488 5.857998847961426 
3 16 -5.341000080108643 -11.08799934387207 7.264997959136963 -5.277000427246094 -11.999999046325684 7.143998146057129 -5.056000232696533 -10.923001289367676 6.768998622894287 
3 16 -5.576000213623047 -11.261000633239746 7.782998561859131 -5.277000427246094 -11.999999046325684 7.143998146057129 -5.341000080108643 -11.08799934387207 7.264997959136963 
3 16 -0.09399998933076859 -9.999999046325684 4.000998497009277 -0.4949999451637268 -11.999998092651367 4.019998550415039 0.0 -9.999999046325684 3.9999985694885254 
3 16 -10.0 -16.0 19.999996185302734 -10.0 -15.972000122070312 17.346996307373047 -7.5 -16.0 19.999996185302734 
3 16 -2.5 -16.0 19.999996185302734 -10.0 -15.972000122070312 17.346996307373047 0.0 -16.0 19.999996185302734 
3 16 -5.0 -16.0 19.999996185302734 -7.5 -16.0 19.999996185302734 -10.0 -15.972000122070312 17.346996307373047 
3 16 -2.5 -16.0 19.999996185302734 -5.0 -16.0 19.999996185302734 -10.0 -15.972000122070312 17.346996307373047 
3 16 10.0 -15.843999862670898 14.697996139526367 10.0 -15.972997665405273 17.346996307373047 -10.0 -15.843999862670898 14.697996139526367 
3 16 10.0 -15.972997665405273 17.346996307373047 -10.0 -15.972000122070312 17.346996307373047 -10.0 -15.843999862670898 14.697996139526367 
3 16 10.0 -15.615998268127441 12.055996894836426 10.0 -15.843999862670898 14.697996139526367 -10.0 -15.615998268127441 12.055996894836426 
3 16 10.0 -15.843999862670898 14.697996139526367 -10.0 -15.843999862670898 14.697996139526367 -10.0 -15.615998268127441 12.055996894836426 
3 16 10.0 -15.290999412536621 9.422999382019043 10.0 -15.615998268127441 12.055996894836426 -10.0 -15.290999412536621 9.422999382019043 
3 16 10.0 -15.615998268127441 12.055996894836426 -10.0 -15.615998268127441 12.055996894836426 -10.0 -15.290999412536621 9.422999382019043 
3 16 10.0 -14.359997749328613 4.20299768447876 10.0 -14.871999740600586 6.803997993469238 -10.0 -14.35899829864502 4.20299768447876 
3 16 10.0 -14.871999740600586 6.803997993469238 -10.0 -14.871000289916992 6.804997444152832 -10.0 -14.35899829864502 4.20299768447876 
3 16 10.0 -13.756999969482422 1.620998740196228 10.0 -14.359997749328613 4.20299768447876 -10.0 -13.756999969482422 1.620998740196228 
3 16 10.0 -14.359997749328613 4.20299768447876 -10.0 -14.35899829864502 4.20299768447876 -10.0 -13.756999969482422 1.620998740196228 
3 16 10.0 -14.871999740600586 6.803997993469238 10.0 -15.290999412536621 9.422999382019043 -10.0 -14.871000289916992 6.804997444152832 
3 16 10.0 -15.290999412536621 9.422999382019043 -10.0 -15.290999412536621 9.422999382019043 -10.0 -14.871000289916992 6.804997444152832 
3 16 10.0 -13.756999969482422 1.620998740196228 -10.0 -13.756999969482422 1.620998740196228 -10.0 -13.330998420715332 -1.2084211675755796e-06 
3 16 2.5 -16.0 19.999996185302734 0.0 -16.0 19.999996185302734 10.0 -15.972997665405273 17.346996307373047 
3 16 5.0 -16.0 19.999996185302734 2.5 -16.0 19.999996185302734 10.0 -15.972997665405273 17.346996307373047 
3 16 7.5 -16.0 19.999996185302734 10.0 -15.972997665405273 17.346996307373047 10.0 -16.0 19.999996185302734 
3 16 10.0 -15.972997665405273 17.346996307373047 7.5 -16.0 19.999996185302734 5.0 -16.0 19.999996185302734 
3 16 -10.0 -15.972000122070312 17.346996307373047 10.0 -15.972997665405273 17.346996307373047 0.0 -16.0 19.999996185302734 
3 16 -10.0 -13.330998420715332 -1.2084211675755796e-06 10.0 -13.066998481750488 -0.9360010623931885 10.0 -13.756999969482422 1.620998740196228 
3 16 10.0 -12.2889986038208 -3.4700005054473877 -7.117000102996826 -12.31399917602539 -3.392000675201416 -5.0289998054504395 -11.463996887207031 -5.848999977111816 
3 16 10.0 -13.066998481750488 -0.9360010623931885 -9.204001426696777 -13.066998481750488 -0.9360010027885437 -7.117000102996826 -12.31399917602539 -3.392000675201416 
3 16 10.0 -9.378996849060059 -10.875 -0.8870000243186951 -9.449997901916504 -10.720999717712402 1.147999882698059 -8.274998664855957 -13.115998268127441 
3 16 10.0 -10.44899845123291 -8.446999549865723 -2.9489996433258057 -10.511998176574707 -8.294999122619629 -0.8870000243186951 -9.449997901916504 -10.720999717712402 
3 16 10.0 -11.417998313903809 -5.9760003089904785 -5.0289998054504395 -11.463996887207031 -5.848999977111816 -2.9489996433258057 -10.511998176574707 -8.294999122619629 
3 16 10.0 -5.517998218536377 -17.821998596191406 5.100999355316162 -5.554998397827148 -17.766000747680664 7.0 -3.999997615814209 -19.999998092651367 
3 16 10.0 -6.91799783706665 -15.570000648498535 3.1469998359680176 -6.977997779846191 -15.466999053955078 5.100999355316162 -5.554998397827148 -17.766000747680664 
3 16 10.0 -5.517998218536377 -17.821998596191406 7.0 -3.999997615814209 -19.999998092651367 7.375 -3.999997615814209 -19.999998092651367 
3 16 10.0 -5.517998218536377 -17.821998596191406 7.375 -3.999997615814209 -19.999998092651367 7.75 -3.999997615814209 -19.999998092651367 
3 16 1.147999882698059 -8.274998664855957 -13.115998268127441 3.1469998359680176 -6.977997779846191 -15.466999053955078 10.0 -8.203999519348145 -13.251999855041504 
3 16 8.125 -3.999997615814209 -19.999998092651367 10.0 -5.517998218536377 -17.821998596191406 7.75 -3.999997615814209 -19.999998092651367 
3 16 10.0 -13.066998481750488 -0.9360010623931885 -7.117000102996826 -12.31399917602539 -3.392000675201416 10.0 -12.2889986038208 -3.4700005054473877 
3 16 10.0 -12.2889986038208 -3.4700005054473877 -5.0289998054504395 -11.463996887207031 -5.848999977111816 10.0 -11.417998313903809 -5.9760003089904785 
3 16 10.0 -10.44899845123291 -8.446999549865723 -0.8870000243186951 -9.449997901916504 -10.720999717712402 10.0 -9.378996849060059 -10.875 
3 16 10.0 -9.378996849060059 -10.875 1.147999882698059 -8.274998664855957 -13.115998268127441 10.0 -8.203999519348145 -13.251999855041504 
3 16 -2.9489996433258057 -10.511998176574707 -8.294999122619629 10.0 -10.44899845123291 -8.446999549865723 10.0 -11.417998313903809 -5.9760003089904785 
3 16 8.5 -3.999997615814209 -19.999998092651367 8.875 -3.999997615814209 -19.999998092651367 10.0 -5.517998218536377 -17.821998596191406 
3 16 8.875 -3.999997615814209 -19.999998092651367 9.25 -3.999997615814209 -19.999998092651367 10.0 -5.517998218536377 -17.821998596191406 
3 16 5.100999355316162 -5.554998397827148 -17.766000747680664 10.0 -5.517998218536377 -17.821998596191406 10.0 -6.91799783706665 -15.570000648498535 
3 16 9.625 -3.999997615814209 -19.999998092651367 10.0 -3.999997615814209 -19.999998092651367 10.0 -5.517998218536377 -17.821998596191406 
3 16 9.25 -3.999997615814209 -19.999998092651367 9.625 -3.999997615814209 -19.999998092651367 10.0 -5.517998218536377 -17.821998596191406 
3 16 10.0 -6.91799783706665 -15.570000648498535 10.0 -8.203999519348145 -13.251999855041504 3.1469998359680176 -6.977997779846191 -15.466999053955078 
3 16 8.125 -3.999997615814209 -19.999998092651367 8.5 -3.999997615814209 -19.999998092651367 10.0 -5.517998218536377 -17.821998596191406 
3 16 -9.204001426696777 -13.066998481750488 -0.9360010027885437 10.0 -13.066998481750488 -0.9360010623931885 -10.0 -13.330998420715332 -1.2084211675755796e-06 
3 16 6.000000476837158 1.1330931783959386e-06 -12.499999046325684 4.25 1.2917261074107955e-06 -14.249998092651367 6.0 -3.9999983310699463 -12.499998092651367 
3 16 4.25 1.2917261074107955e-06 -14.249998092651367 4.25 -3.9999983310699463 -14.249999046325684 6.0 -3.9999983310699463 -12.499998092651367 
3 16 6.0 -3.9999990463256836 -4.0 6.0 3.6258978752812254e-07 -3.999999523162842 6.0 -3.9999985694885254 -11.510001182556152 
3 16 6.0 3.6258978752812254e-07 -3.999999523162842 6.000000476837158 1.1330931783959386e-06 -12.499999046325684 6.0 -3.9999985694885254 -11.510001182556152 
3 16 6.0 -3.9999985694885254 -11.510001182556152 6.000000476837158 1.1330931783959386e-06 -12.499999046325684 6.0 -3.9999983310699463 -12.499998092651367 
3 16 -2.5 -3.9999990463256836 -4.0 -2.5 3.6258978752812254e-07 -3.999999523162842 -0.3829999566078186 -3.9999990463256836 -4.0 
3 16 -0.3829999566078186 -3.9999990463256836 -4.0 -2.5 3.6258978752812254e-07 -3.999999523162842 6.0 -3.9999990463256836 -4.0 
3 16 -2.5 3.6258978752812254e-07 -3.999999523162842 6.0 3.6258978752812254e-07 -3.999999523162842 6.0 -3.9999990463256836 -4.0 
3 16 -4.25 5.21222887073236e-07 -5.75 -2.5 3.6258978752812254e-07 -3.999999523162842 -4.25 -3.9999990463256836 -5.750000476837158 
3 16 -2.5 3.6258978752812254e-07 -3.999999523162842 -2.5 -3.9999990463256836 -4.0 -4.25 -3.9999990463256836 -5.750000476837158 
3 16 -8.16200065612793 1.9597979417085298e-07 -2.1619999408721924 -7.622000694274902 1.4703016404382652e-07 -1.621999740600586 -4.716000080108643 5.634645958707551e-07 -6.215999603271484 
3 16 -2.0 0.0 0.0 2.0 0.0 0.0 -2.5 3.6258978752812254e-07 -3.999999523162842 
3 16 2.0 0.0 0.0 6.0 3.6258978752812254e-07 -3.999999523162842 -2.5 3.6258978752812254e-07 -3.999999523162842 
3 16 -4.25 5.21222887073236e-07 -5.75 -7.622000694274902 1.4703016404382652e-07 -1.621999740600586 -7.080999851226807 9.798988997999913e-08 -1.0809998512268066 
3 16 -4.25 5.21222887073236e-07 -5.75 -4.716000080108643 5.634645958707551e-07 -6.215999603271484 -7.622000694274902 1.4703016404382652e-07 -1.621999740600586 
3 16 -4.25 5.21222887073236e-07 -5.75 -6.540999889373779 4.9040270511113704e-08 -0.5409999489784241 -2.5 3.6258978752812254e-07 -3.999999523162842 
3 16 -4.25 5.21222887073236e-07 -5.75 -7.080999851226807 9.798988997999913e-08 -1.0809998512268066 -6.540999889373779 4.9040270511113704e-08 -0.5409999489784241 
3 16 -6.540999889373779 4.9040270511113704e-08 -0.5409999489784241 -6.0 0.0 0.0 -2.5 3.6258978752812254e-07 -3.999999523162842 
3 16 -2.0 0.0 0.0 -2.5 3.6258978752812254e-07 -3.999999523162842 -6.0 0.0 0.0 
3 16 7.75 1.8129489944840316e-06 -19.999998092651367 7.0 1.8129489944840316e-06 -19.999998092651367 4.25 1.2917261074107955e-06 -14.249998092651367 
3 16 9.25 1.8129489944840316e-06 -19.999998092651367 8.5 1.8129489944840316e-06 -19.999998092651367 6.000000476837158 1.1330931783959386e-06 -12.499999046325684 
3 16 10.0 1.8129489944840316e-06 -19.999998092651367 9.25 1.8129489944840316e-06 -19.999998092651367 6.000000476837158 1.1330931783959386e-06 -12.499999046325684 
3 16 8.5 1.8129489944840316e-06 -19.999998092651367 7.75 1.8129489944840316e-06 -19.999998092651367 6.000000476837158 1.1330931783959386e-06 -12.499999046325684 
3 16 6.0 3.6258978752812254e-07 -3.999999523162842 2.0 0.0 0.0 6.0 0.0 0.0 
3 16 7.0 1.8129489944840316e-06 -19.999998092651367 3.0949997901916504 1.3964239542474388e-06 -15.404998779296875 4.25 1.2917261074107955e-06 -14.249998092651367 
3 16 10.0 0.0 0.0 6.000000476837158 1.1330931783959386e-06 -12.499999046325684 6.0 3.6258978752812254e-07 -3.999999523162842 
3 16 6.000000476837158 1.1330931783959386e-06 -12.499999046325684 10.0 0.0 0.0 10.0 1.8129489944840316e-06 -19.999998092651367 
3 16 10.0 0.0 0.0 6.0 3.6258978752812254e-07 -3.999999523162842 6.0 0.0 0.0 
3 16 6.000000476837158 1.1330931783959386e-06 -12.499999046325684 7.75 1.8129489944840316e-06 -19.999998092651367 4.25 1.2917261074107955e-06 -14.249998092651367 
3 16 -9.204001426696777 -13.066998481750488 -0.9360010027885437 -10.0 -13.330998420715332 -1.2084211675755796e-06 -8.162001609802246 -7.999999046325684 -2.162000894546509 
3 16 -9.204001426696777 -13.066998481750488 -0.9360010027885437 -8.162001609802246 -7.999999046325684 -2.162000894546509 -7.117000102996826 -12.31399917602539 -3.392000675201416 
3 16 -8.162001609802246 -7.999999046325684 -2.162000894546509 -10.0 -13.330998420715332 -1.2084211675755796e-06 -10.000000953674316 -7.999999046325684 -7.251795750562451e-07 
3 16 -5.0289998054504395 -11.463996887207031 -5.848999977111816 -8.162001609802246 -7.999999046325684 -2.162000894546509 -4.716000556945801 -3.9999990463256836 -6.216000556945801 
3 16 -8.162001609802246 -7.999999046325684 -2.162000894546509 -5.0289998054504395 -11.463996887207031 -5.848999977111816 -7.117000102996826 -12.31399917602539 -3.392000675201416 
3 16 -5.0289998054504395 -11.463996887207031 -5.848999977111816 -4.716000556945801 -3.9999990463256836 -6.216000556945801 -2.9489996433258057 -10.511998176574707 -8.294999122619629 
3 16 -8.161999702453613 -3.9999992847442627 -2.1620001792907715 -8.161999702453613 -1.9999995231628418 -2.1619999408721924 -4.716000080108643 5.634645958707551e-07 -6.215999603271484 
3 16 -4.716000080108643 5.634645958707551e-07 -6.215999603271484 -4.716000556945801 -3.9999990463256836 -6.216000556945801 -8.161999702453613 -3.9999992847442627 -2.1620001792907715 
3 16 -8.161999702453613 -1.9999995231628418 -2.1619999408721924 -8.16200065612793 1.9597979417085298e-07 -2.1619999408721924 -4.716000080108643 5.634645958707551e-07 -6.215999603271484 
3 16 -8.161999702453613 -5.999999046325684 -2.1620001792907715 -8.161999702453613 -3.9999992847442627 -2.1620001792907715 -4.716000556945801 -3.9999990463256836 -6.216000556945801 
3 16 -4.716000556945801 -3.9999990463256836 -6.216000556945801 -8.162001609802246 -7.999999046325684 -2.162000894546509 -8.161999702453613 -5.999999046325684 -2.1620001792907715 
3 16 -2.9489996433258057 -10.511998176574707 -8.294999122619629 -4.716000556945801 -3.9999990463256836 -6.216000556945801 3.0950005054473877 -3.999998092651367 -15.404998779296875 
3 16 3.0950005054473877 -3.999998092651367 -15.404998779296875 1.147999882698059 -8.274998664855957 -13.115998268127441 -0.8870000243186951 -9.449997901916504 -10.720999717712402 
3 16 3.0950005054473877 -3.999998092651367 -15.404998779296875 3.1469998359680176 -6.977997779846191 -15.466999053955078 1.147999882698059 -8.274998664855957 -13.115998268127441 
3 16 7.0 -3.999997615814209 -19.999998092651367 5.100999355316162 -5.554998397827148 -17.766000747680664 7.0 -3.3329975605010986 -19.999998092651367 
3 16 5.100999355316162 -5.554998397827148 -17.766000747680664 3.1469998359680176 -6.977997779846191 -15.466999053955078 3.0950005054473877 -3.999998092651367 -15.404998779296875 
3 16 7.0 -3.3329975605010986 -19.999998092651367 5.100999355316162 -5.554998397827148 -17.766000747680664 7.0 -2.6669981479644775 -19.999998092651367 
3 16 3.0950005054473877 -3.999998092651367 -15.404998779296875 3.0949997901916504 1.3964239542474388e-06 -15.404998779296875 7.0 1.8129489944840316e-06 -19.999998092651367 
3 16 3.0950005054473877 -3.999998092651367 -15.404998779296875 7.0 -2.6669981479644775 -19.999998092651367 5.100999355316162 -5.554998397827148 -17.766000747680664 
3 16 3.0950005054473877 -3.999998092651367 -15.404998779296875 7.0 -1.9999979734420776 -19.999998092651367 7.0 -2.6669981479644775 -19.999998092651367 
3 16 7.0 -1.3329981565475464 -19.999998092651367 7.0 -1.9999979734420776 -19.999998092651367 3.0950005054473877 -3.999998092651367 -15.404998779296875 
3 16 7.0 1.8129489944840316e-06 -19.999998092651367 7.0 -0.6669981479644775 -19.999998092651367 3.0950005054473877 -3.999998092651367 -15.404998779296875 
3 16 7.0 -0.6669981479644775 -19.999998092651367 7.0 -1.3329981565475464 -19.999998092651367 3.0950005054473877 -3.999998092651367 -15.404998779296875 
3 16 -2.9489996433258057 -10.511998176574707 -8.294999122619629 3.0950005054473877 -3.999998092651367 -15.404998779296875 -0.8870000243186951 -9.449997901916504 -10.720999717712402 
3 16 4.25 1.2917261074107955e-06 -14.249998092651367 3.0949997901916504 1.3964239542474388e-06 -15.404998779296875 4.25 -3.9999983310699463 -14.249999046325684 
3 16 3.0949997901916504 1.3964239542474388e-06 -15.404998779296875 3.0950005054473877 -3.999998092651367 -15.404998779296875 4.25 -3.9999983310699463 -14.249999046325684 
3 16 -4.716000080108643 5.634645958707551e-07 -6.215999603271484 -4.25 5.21222887073236e-07 -5.75 -4.716000556945801 -3.9999990463256836 -6.216000556945801 
3 16 -4.25 5.21222887073236e-07 -5.75 -4.25 -3.9999990463256836 -5.750000476837158 -4.716000556945801 -3.9999990463256836 -6.216000556945801 
3 16 -4.25 -3.9999990463256836 -5.750000476837158 -0.3829999566078186 -3.9999990463256836 -4.0 4.25 -3.9999983310699463 -14.249999046325684 
3 16 -2.5 -3.9999990463256836 -4.0 -0.3829999566078186 -3.9999990463256836 -4.0 -4.25 -3.9999990463256836 -5.750000476837158 
3 16 -4.716000556945801 -3.9999990463256836 -6.216000556945801 -4.25 -3.9999990463256836 -5.750000476837158 3.0950005054473877 -3.999998092651367 -15.404998779296875 
3 16 6.0 -3.9999985694885254 -11.510001182556152 4.25 -3.9999983310699463 -14.249999046325684 -0.3829999566078186 -3.9999990463256836 -4.0 
3 16 6.0 -3.9999985694885254 -11.510001182556152 6.0 -3.9999983310699463 -12.499998092651367 4.25 -3.9999983310699463 -14.249999046325684 
3 16 -4.25 -3.9999990463256836 -5.750000476837158 4.25 -3.9999983310699463 -14.249999046325684 3.0950005054473877 -3.999998092651367 -15.404998779296875 
3 16 -0.3829999566078186 -3.9999990463256836 -4.0 6.0 -3.9999990463256836 -4.0 6.0 -7.06199836730957 -4.0 
3 16 6.0 -3.9999985694885254 -11.510001182556152 6.0 -7.06199836730957 -4.0 6.0 -3.9999990463256836 -4.0 
3 16 6.0 -3.9999985694885254 -11.510001182556152 -0.3829999566078186 -3.9999990463256836 -4.0 6.0 -7.06199836730957 -4.0 
3 16 -7.622000694274902 -3.9999992847442627 -1.6220000982284546 -7.622000694274902 -5.999999523162842 -1.6220003366470337 -7.081000328063965 -3.999999523162842 -1.0810002088546753 
3 16 -7.622000694274902 -5.999999523162842 -1.6220003366470337 -7.081000328063965 -5.999999046325684 -1.0810004472732544 -7.081000328063965 -3.999999523162842 -1.0810002088546753 
3 16 -7.081000328063965 -3.999999523162842 -1.0810002088546753 -7.081000328063965 -5.999999046325684 -1.0810004472732544 -6.540999889373779 -3.999999523162842 -0.5410003066062927 
3 16 -7.081000328063965 -5.999999046325684 -1.0810004472732544 -6.540999889373779 -5.999999046325684 -0.541000485420227 -6.540999889373779 -3.999999523162842 -0.5410003066062927 
3 16 -7.622000217437744 -1.9999996423721313 -1.621999979019165 -7.622000694274902 -3.9999992847442627 -1.6220000982284546 -7.081000328063965 -1.9999996423721313 -1.0810000896453857 
3 16 -7.622000694274902 -3.9999992847442627 -1.6220000982284546 -7.081000328063965 -3.999999523162842 -1.0810002088546753 -7.081000328063965 -1.9999996423721313 -1.0810000896453857 
3 16 -7.081000328063965 -1.9999996423721313 -1.0810000896453857 -7.081000328063965 -3.999999523162842 -1.0810002088546753 -6.540999889373779 -1.999999761581421 -0.5410000681877136 
3 16 -7.081000328063965 -3.999999523162842 -1.0810002088546753 -6.540999889373779 -3.999999523162842 -0.5410003066062927 -6.540999889373779 -1.999999761581421 -0.5410000681877136 
3 16 -7.622000694274902 -5.999999523162842 -1.6220003366470337 -8.161999702453613 -5.999999046325684 -2.1620001792907715 -7.622000217437744 -7.999999046325684 -1.6220004558563232 
3 16 -8.161999702453613 -5.999999046325684 -2.1620001792907715 -8.162001609802246 -7.999999046325684 -2.162000894546509 -7.622000217437744 -7.999999046325684 -1.6220004558563232 
3 16 -7.081000328063965 -5.999999046325684 -1.0810004472732544 -7.622000694274902 -5.999999523162842 -1.6220003366470337 -7.080999851226807 -7.999999046325684 -1.081000566482544 
3 16 -7.622000694274902 -5.999999523162842 -1.6220003366470337 -7.622000217437744 -7.999999046325684 -1.6220004558563232 -7.080999851226807 -7.999999046325684 -1.081000566482544 
3 16 -7.622000694274902 -3.9999992847442627 -1.6220000982284546 -8.161999702453613 -3.9999992847442627 -2.1620001792907715 -7.622000694274902 -5.999999523162842 -1.6220003366470337 
3 16 -8.161999702453613 -3.9999992847442627 -2.1620001792907715 -8.161999702453613 -5.999999046325684 -2.1620001792907715 -7.622000694274902 -5.999999523162842 -1.6220003366470337 
3 16 -6.540999889373779 -5.999999046325684 -0.541000485420227 -6.540999889373779 -7.999999046325684 -0.5410006642341614 -6.0 -6.666998863220215 -6.04346496402286e-07 
3 16 -6.540999889373779 -7.999999046325684 -0.5410006642341614 -6.0 -7.999999046325684 -7.251795750562451e-07 -6.0 -6.666998863220215 -6.04346496402286e-07 
3 16 -7.080999851226807 -7.999999046325684 -1.081000566482544 -6.540999889373779 -7.999999046325684 -0.5410006642341614 -7.081000328063965 -5.999999046325684 -1.0810004472732544 
3 16 -6.540999889373779 -7.999999046325684 -0.5410006642341614 -6.540999889373779 -5.999999046325684 -0.541000485420227 -7.081000328063965 -5.999999046325684 -1.0810004472732544 
3 16 -6.0 -5.3329997062683105 -4.834228661820816e-07 -6.0 -3.999999523162842 -3.6258978752812254e-07 -6.540999889373779 -5.999999046325684 -0.541000485420227 
3 16 -6.0 -3.999999523162842 -3.6258978752812254e-07 -6.540999889373779 -3.999999523162842 -0.5410003066062927 -6.540999889373779 -5.999999046325684 -0.541000485420227 
3 16 -6.0 -5.3329997062683105 -4.834228661820816e-07 -6.540999889373779 -5.999999046325684 -0.541000485420227 -6.0 -6.666998863220215 -6.04346496402286e-07 
3 16 -8.161999702453613 -3.9999992847442627 -2.1620001792907715 -7.622000694274902 -3.9999992847442627 -1.6220000982284546 -8.161999702453613 -1.9999995231628418 -2.1619999408721924 
3 16 -7.622000694274902 -3.9999992847442627 -1.6220000982284546 -7.622000217437744 -1.9999996423721313 -1.621999979019165 -8.161999702453613 -1.9999995231628418 -2.1619999408721924 
3 16 -7.622000694274902 1.4703016404382652e-07 -1.621999740600586 -8.16200065612793 1.9597979417085298e-07 -2.1619999408721924 -7.622000217437744 -1.9999996423721313 -1.621999979019165 
3 16 -8.16200065612793 1.9597979417085298e-07 -2.1619999408721924 -8.161999702453613 -1.9999995231628418 -2.1619999408721924 -7.622000217437744 -1.9999996423721313 -1.621999979019165 
3 16 -7.080999851226807 9.798988997999913e-08 -1.0809998512268066 -7.622000694274902 1.4703016404382652e-07 -1.621999740600586 -7.081000328063965 -1.9999996423721313 -1.0810000896453857 
3 16 -7.622000694274902 1.4703016404382652e-07 -1.621999740600586 -7.622000217437744 -1.9999996423721313 -1.621999979019165 -7.081000328063965 -1.9999996423721313 -1.0810000896453857 
3 16 -6.0 -3.999999523162842 -3.6258978752812254e-07 -6.0 -2.6670000553131104 -2.417567657175823e-07 -6.540999889373779 -3.999999523162842 -0.5410003066062927 
3 16 -6.0 -2.6670000553131104 -2.417567657175823e-07 -6.540999889373779 -1.999999761581421 -0.5410000681877136 -6.540999889373779 -3.999999523162842 -0.5410003066062927 
3 16 -6.540999889373779 -1.999999761581421 -0.5410000681877136 -6.0 -2.6670000553131104 -2.417567657175823e-07 -6.0 -1.3329998254776 -1.2083303602139495e-07 
3 16 -6.0 -1.3329998254776 -1.2083303602139495e-07 -6.0 0.0 0.0 -6.540999889373779 -1.999999761581421 -0.5410000681877136 
3 16 -6.0 0.0 0.0 -6.540999889373779 4.9040270511113704e-08 -0.5409999489784241 -6.540999889373779 -1.999999761581421 -0.5410000681877136 
3 16 -7.081000328063965 -1.9999996423721313 -1.0810000896453857 -6.540999889373779 -1.999999761581421 -0.5410000681877136 -7.080999851226807 9.798988997999913e-08 -1.0809998512268066 
3 16 -6.540999889373779 -1.999999761581421 -0.5410000681877136 -6.540999889373779 4.9040270511113704e-08 -0.5409999489784241 -7.080999851226807 9.798988997999913e-08 -1.0809998512268066 
3 16 -10.000000953674316 -7.999999046325684 -7.251795750562451e-07 -6.0 -7.999999046325684 -7.251795750562451e-07 -6.540999889373779 -7.999999046325684 -0.5410006642341614 
3 16 -10.000000953674316 -7.999999046325684 -7.251795750562451e-07 -6.540999889373779 -7.999999046325684 -0.5410006642341614 -7.080999851226807 -7.999999046325684 -1.081000566482544 
3 16 -7.622000217437744 -7.999999046325684 -1.6220004558563232 -8.162001609802246 -7.999999046325684 -2.162000894546509 -10.000000953674316 -7.999999046325684 -7.251795750562451e-07 
3 16 -7.622000217437744 -7.999999046325684 -1.6220004558563232 -10.000000953674316 -7.999999046325684 -7.251795750562451e-07 -7.080999851226807 -7.999999046325684 -1.081000566482544 
2 24 5.277000427246094 -11.999999046325684 7.143998146057129 4.735000133514404 -11.999999046325684 6.314997673034668 
2 24 6.000000476837158 1.1330931783959386e-06 -12.499999046325684 4.25 1.2917261074107955e-06 -14.249998092651367 
2 24 6.000000476837158 1.1330931783959386e-06 -12.499999046325684 6.0 -3.9999983310699463 -12.499998092651367 
2 24 2.0 0.0 0.0 -2.0 0.0 0.0 
2 5 6.0 -9.999999046325684 -9.064744972420158e-07 6.0 -7.999999046325684 -7.251795750562451e-07 
2 24 -7.080999851226807 9.798988997999913e-08 -1.0809998512268066 -7.622000694274902 1.4703016404382652e-07 -1.621999740600586 
2 24 -10.0 -12.000000953674316 19.999996185302734 -10.0 -10.000000953674316 19.999998092651367 
2 24 10.0 -7.999999046325684 -7.251795750562451e-07 10.0 -5.999999046325684 -5.438846528704744e-07 
2 24 -10.0 -13.756999969482422 1.620998740196228 -10.0 -14.35899829864502 4.20299768447876 
2 24 -5.0 -8.000000953674316 19.999998092651367 0.0 -8.000000953674316 19.999998092651367 
2 24 -6.0 0.0 0.0 -6.0 -1.3329998254776 -1.2083303602139495e-07 
2 24 -1.2940000295639038 -10.046998977661133 4.140997886657715 -1.868999719619751 -10.0989990234375 4.297998428344727 
2 24 -4.341000080108643 -10.619000434875488 5.857998847961426 -4.7230000495910645 -10.765999794006348 6.29899787902832 
2 24 10.0 -3.999997615814209 -19.999998092651367 10.0 -2.999997854232788 -19.999998092651367 
2 24 -5.917999744415283 -11.999999046325684 9.011998176574707 -6.0 -11.999999046325684 9.999998092651367 
2 24 -8.16200065612793 1.9597979417085298e-07 -2.1619999408721924 -4.716000080108643 5.634645958707551e-07 -6.215999603271484 
2 24 8.5 -3.999997615814209 -19.999998092651367 8.125 -3.999997615814209 -19.999998092651367 
2 24 10.0 -15.843999862670898 14.697996139526367 10.0 -15.972997665405273 17.346996307373047 
2 24 10.0 -1.999999761581421 -1.8129489376406127e-07 10.0 -3.999999523162842 -3.6258978752812254e-07 
2 24 -10.0 -15.615998268127441 12.055996894836426 -10.0 -15.290999412536621 9.422999382019043 
2 24 -1.2940000295639038 -10.046998977661133 4.140997886657715 -0.7010000348091125 -10.013998985290527 4.040998458862305 
2 24 -6.0 -8.000000953674316 15.99999713897705 -6.0 -12.0 15.99999713897705 
2 24 -6.0 -8.000000953674316 15.99999713897705 -6.000000476837158 -8.0 9.999998092651367 
2 24 -0.8870000243186951 -9.449997901916504 -10.720999717712402 1.147999882698059 -8.274998664855957 -13.115998268127441 
2 24 6.0 -3.9999985694885254 -11.510001182556152 6.0 -7.06199836730957 -4.0 
2 24 -5.576000213623047 -11.261000633239746 7.782998561859131 -5.341000080108643 -11.08799934387207 7.264997959136963 
2 24 7.5 -16.0 19.999996185302734 10.0 -16.0 19.999996185302734 
2 24 6.0 -11.999999046325684 9.999998092651367 5.9710001945495605 -11.803000450134277 9.408998489379883 
2 24 10.0 -10.44899845123291 -8.446999549865723 10.0 -9.378996849060059 -10.875 
2 24 9.625 -3.999997615814209 -19.999998092651367 10.0 -3.999997615814209 -19.999998092651367 
2 24 3.7709999084472656 -10.444999694824219 5.333998680114746 4.209000110626221 -10.574999809265137 5.723998069763184 
2 24 -3.2820003032684326 -11.999998092651367 4.976999759674072 -4.063999652862549 -11.999999046325684 5.585998058319092 
2 24 -7.080999851226807 9.798988997999913e-08 -1.0809998512268066 -6.540999889373779 4.9040270511113704e-08 -0.5409999489784241 
2 24 -5.760000705718994 -11.440000534057617 8.319997787475586 -5.893000602722168 -11.623000144958496 8.86999797821045 
2 24 10.0 0.0 0.0 6.0 0.0 0.0 
2 24 7.0 -0.6669981479644775 -19.999998092651367 7.0 1.8129489944840316e-06 -19.999998092651367 
2 24 -2.4100000858306885 -11.999998092651367 4.504999160766602 -3.2820003032684326 -11.999998092651367 4.976999759674072 
2 24 10.0 -5.517998218536377 -17.821998596191406 10.0 -3.999997615814209 -19.999998092651367 
2 24 1.5 -7.999999046325684 -7.251795750562451e-07 1.5 -7.999999523162842 3.9999988079071045 
2 24 7.0 -3.999997615814209 -19.999998092651367 7.0 -3.3329975605010986 -19.999998092651367 
2 24 7.0 -1.9999979734420776 -19.999998092651367 7.0 -2.6669981479644775 -19.999998092651367 
2 24 10.0 -15.290999412536621 9.422999382019043 10.0 -14.871999740600586 6.803997993469238 
2 24 9.625 -3.999997615814209 -19.999998092651367 9.25 -3.999997615814209 -19.999998092651367 
2 24 -4.716000556945801 -3.9999990463256836 -6.216000556945801 -4.25 -3.9999990463256836 -5.750000476837158 
2 24 -4.716000556945801 -3.9999990463256836 -6.216000556945801 3.0950005054473877 -3.999998092651367 -15.404998779296875 
2 24 6.0 -7.06199836730957 -4.0 6.0 -3.9999990463256836 -4.0 
2 24 -6.0 -9.999999046325684 -9.064744972420158e-07 -1.5 -9.999999046325684 -9.064744972420158e-07 
2 24 7.0 -3.999997615814209 -19.999998092651367 7.375 -3.999997615814209 -19.999998092651367 
2 24 -8.161999702453613 -5.999999046325684 -2.1620001792907715 -8.162001609802246 -7.999999046325684 -2.162000894546509 
2 24 -6.0 -5.3329997062683105 -4.834228661820816e-07 -6.0 -3.999999523162842 -3.6258978752812254e-07 
2 24 -6.540999889373779 -7.999999046325684 -0.5410006642341614 -6.0 -7.999999046325684 -7.251795750562451e-07 
2 24 2.246999979019165 -10.14599895477295 4.43699836730957 1.682999849319458 -10.079999923706055 4.240999221801758 
2 24 -5.341000080108643 -11.08799934387207 7.264997959136963 -5.056000232696533 -10.923001289367676 6.768998622894287 
2 24 -6.0 0.0 0.0 -6.540999889373779 4.9040270511113704e-08 -0.5409999489784241 
2 24 -8.162001609802246 -7.999999046325684 -2.162000894546509 -10.000000953674316 -7.999999046325684 -7.251795750562451e-07 
2 24 -10.0 -14.35899829864502 4.20299768447876 -10.0 -14.871000289916992 6.804997444152832 
2 24 8.5 1.8129489944840316e-06 -19.999998092651367 7.75 1.8129489944840316e-06 -19.999998092651367 
2 24 -10.0 -14.000000953674316 19.999996185302734 -10.0 -12.000000953674316 19.999996185302734 
2 24 -1.472999930381775 -11.999998092651367 4.183998107910156 -2.4100000858306885 -11.999998092651367 4.504999160766602 
2 24 -5.277000427246094 -11.999999046325684 7.143998146057129 -5.674999713897705 -11.999999046325684 8.05199909210205 
2 24 10.0 -0.9999980926513672 -19.999998092651367 10.0 1.8129489944840316e-06 -19.999998092651367 
2 24 -8.161999702453613 -5.999999046325684 -2.1620001792907715 -8.161999702453613 -3.9999992847442627 -2.1620001792907715 
2 24 10.0 -11.417998313903809 -5.9760003089904785 10.0 -10.44899845123291 -8.446999549865723 
2 24 6.0 -8.000000953674316 15.99999713897705 6.0 -8.0 9.999998092651367 
2 24 6.0 -8.000000953674316 15.99999713897705 6.0 -12.0 15.99999713897705 
2 24 -1.5 -9.999999046325684 3.9999985694885254 -0.09399998933076859 -9.999999046325684 4.000998497009277 
2 24 10.0 -15.615998268127441 12.055996894836426 10.0 -15.290999412536621 9.422999382019043 
2 24 3.0949997901916504 1.3964239542474388e-06 -15.404998779296875 3.0950005054473877 -3.999998092651367 -15.404998779296875 
2 24 10.0 -15.972997665405273 17.346996307373047 10.0 -16.0 19.999996185302734 
2 24 10.0 -12.000000953674316 19.999996185302734 10.0 -14.0 19.999996185302734 
2 24 -5.056000232696533 -10.923001289367676 6.768998622894287 -4.7230000495910645 -10.765999794006348 6.29899787902832 
2 24 10.0 -1.999999761581421 -1.8129489376406127e-07 10.0 0.0 0.0 
2 24 6.0 -12.0 15.99999713897705 6.0 -11.999999046325684 9.999998092651367 
2 24 6.0 -12.0 15.99999713897705 -6.0 -12.0 15.99999713897705 
2 24 2.246999979019165 -10.14599895477295 4.43699836730957 2.7870001792907715 -10.229000091552734 4.68699836730957 
2 24 -8.162001609802246 -7.999999046325684 -2.162000894546509 -7.622000217437744 -7.999999046325684 -1.6220004558563232 
2 24 1.1009999513626099 -10.0339994430542 4.101999282836914 1.682999849319458 -10.079999923706055 4.240999221801758 
2 24 7.0 -3.3329975605010986 -19.999998092651367 7.0 -2.6669981479644775 -19.999998092651367 
2 24 5.739999771118164 -11.418000221252441 8.252997398376465 5.883999347686768 -11.608000755310059 8.824997901916504 
2 24 1.5 -7.999999046325684 -7.251795750562451e-07 1.5 -9.999999046325684 -9.064744972420158e-07 
2 24 10.0 -7.999999046325684 -7.251795750562451e-07 8.0 -7.999999046325684 -7.251795750562451e-07 
2 24 0.0 -7.999999523162842 3.9999988079071045 1.5 -7.999999523162842 3.9999988079071045 
2 24 -6.540999889373779 -7.999999046325684 -0.5410006642341614 -7.080999851226807 -7.999999046325684 -1.081000566482544 
2 24 -2.4220001697540283 -10.169998168945312 4.5099992752075195 -1.868999719619751 -10.0989990234375 4.297998428344727 
2 24 10.0 -12.000000953674316 19.999996185302734 10.0 -10.000000953674316 19.999998092651367 
2 24 10.0 -2.999997854232788 -19.999998092651367 10.0 -1.9999979734420776 -19.999998092651367 
2 24 -2.5 -16.0 19.999996185302734 -5.0 -16.0 19.999996185302734 
2 24 7.0 -1.9999979734420776 -19.999998092651367 7.0 -1.3329981565475464 -19.999998092651367 
2 24 3.0950005054473877 -3.999998092651367 -15.404998779296875 4.25 -3.9999983310699463 -14.249999046325684 
2 24 -3.44700026512146 -10.362998962402344 5.088998794555664 -2.9489996433258057 -10.257999420166016 4.774998664855957 
2 24 -9.204001426696777 -13.066998481750488 -0.9360010027885437 -7.117000102996826 -12.31399917602539 -3.392000675201416 
2 24 6.0 -3.9999985694885254 -11.510001182556152 -0.3829999566078186 -3.9999990463256836 -4.0 
2 24 10.0 1.8129489944840316e-06 -19.999998092651367 9.25 1.8129489944840316e-06 -19.999998092651367 
2 24 10.0 -12.2889986038208 -3.4700005054473877 10.0 -11.417998313903809 -5.9760003089904785 
2 24 10.0 -8.000000953674316 19.999998092651367 5.0 -8.000000953674316 19.999998092651367 
2 24 4.619999408721924 -10.723999977111816 6.171998500823975 4.980000019073486 -10.884000778198242 6.652997970581055 
2 24 6.0 -3.9999985694885254 -11.510001182556152 6.0 -3.9999983310699463 -12.499998092651367 
2 24 -2.5 -16.0 19.999996185302734 0.0 -16.0 19.999996185302734 
2 24 3.295999765396118 -10.329000473022461 4.986998558044434 2.7870001792907715 -10.229000091552734 4.68699836730957 
2 24 -2.5 -3.9999990463256836 -4.0 -4.25 -3.9999990463256836 -5.750000476837158 
2 24 10.0 -3.999999523162842 -3.6258978752812254e-07 10.0 -5.999999046325684 -5.438846528704744e-07 
2 24 -6.0 -7.999999046325684 -7.251795750562451e-07 -6.000000476837158 -8.0 9.999998092651367 
2 24 -6.0 -11.999999046325684 9.999998092651367 -5.973000526428223 -11.810999870300293 9.431998252868652 
2 24 6.000000476837158 1.1330931783959386e-06 -12.499999046325684 6.0 3.6258978752812254e-07 -3.999999523162842 
2 24 -10.0 -15.843999862670898 14.697996139526367 -10.0 -15.972000122070312 17.346996307373047 
2 24 -4.063999652862549 -11.999999046325684 5.585998058319092 -4.7350006103515625 -11.999999046325684 6.314998149871826 
2 24 -4.716000080108643 5.634645958707551e-07 -6.215999603271484 -4.716000556945801 -3.9999990463256836 -6.216000556945801 
2 24 -10.0 -16.0 19.999996185302734 -10.0 -15.972000122070312 17.346996307373047 
2 24 -10.0 -16.0 19.999996185302734 -7.5 -16.0 19.999996185302734 
2 24 7.75 -3.999997615814209 -19.999998092651367 7.375 -3.999997615814209 -19.999998092651367 
2 24 10.0 -13.066998481750488 -0.9360010623931885 10.0 -12.2889986038208 -3.4700005054473877 
2 24 6.0 -9.999999046325684 3.9999985694885254 6.0 -9.999999046325684 -9.064744972420158e-07 
2 24 -2.9489996433258057 -10.511998176574707 -8.294999122619629 -0.8870000243186951 -9.449997901916504 -10.720999717712402 
2 24 -6.0 -8.000000953674316 15.99999713897705 6.0 -8.000000953674316 15.99999713897705 
2 24 -5.760000705718994 -11.440000534057617 8.319997787475586 -5.576000213623047 -11.261000633239746 7.782998561859131 
2 24 1.147999882698059 -8.274998664855957 -13.115998268127441 3.1469998359680176 -6.977997779846191 -15.466999053955078 
2 24 -2.5 -3.9999990463256836 -4.0 -2.5 3.6258978752812254e-07 -3.999999523162842 
2 24 -2.5 -3.9999990463256836 -4.0 -0.3829999566078186 -3.9999990463256836 -4.0 
2 24 4.063999652862549 -11.999999046325684 5.585998058319092 3.2820003032684326 -11.999998092651367 4.976999759674072 
2 24 -9.204001426696777 -13.066998481750488 -0.9360010027885437 -10.0 -13.330998420715332 -1.2084211675755796e-06 
2 24 -6.0 -1.3329998254776 -1.2083303602139495e-07 -6.0 -2.6670000553131104 -2.417567657175823e-07 
2 24 0.5529999732971191 -10.00899887084961 4.025999069213867 0.0 -9.999999046325684 3.9999985694885254 
2 24 -1.5 -7.999999523162842 3.9999988079071045 -1.5 -9.999999046325684 3.9999985694885254 
2 24 -4.25 5.21222887073236e-07 -5.75 -2.5 3.6258978752812254e-07 -3.999999523162842 
2 24 10.0 -7.999999046325684 -7.251795750562451e-07 10.0 -8.000000953674316 19.999998092651367 
2 24 4.209000110626221 -10.574999809265137 5.723998069763184 4.619999408721924 -10.723999977111816 6.171998500823975 
2 24 10.0 1.8129489944840316e-06 -19.999998092651367 10.0 0.0 0.0 
2 24 10.0 -0.9999980926513672 -19.999998092651367 10.0 -1.9999979734420776 -19.999998092651367 
2 24 5.918000221252441 -11.999999046325684 9.011999130249023 6.0 -11.999999046325684 9.999998092651367 
2 24 -3.44700026512146 -10.362998962402344 5.088998794555664 -3.9130003452301025 -10.484000205993652 5.450998783111572 
2 24 -0.3829999566078186 -3.9999990463256836 -4.0 6.0 -7.06199836730957 -4.0 
2 24 -6.0 -12.0 15.99999713897705 -6.0 -11.999999046325684 9.999998092651367 
2 24 10.0 -9.378996849060059 -10.875 10.0 -8.203999519348145 -13.251999855041504 
2 24 5.883999347686768 -11.608000755310059 8.824997901916504 5.9710001945495605 -11.803000450134277 9.408998489379883 
2 24 -2.0 0.0 0.0 -6.0 0.0 0.0 
2 24 -0.4949999451637268 -11.999998092651367 4.019998550415039 -1.472999930381775 -11.999998092651367 4.183998107910156 
2 24 -8.16200065612793 1.9597979417085298e-07 -2.1619999408721924 -7.622000694274902 1.4703016404382652e-07 -1.621999740600586 
2 24 -0.7010000348091125 -10.013998985290527 4.040998458862305 -0.09399998933076859 -9.999999046325684 4.000998497009277 
2 24 1.5 -7.999999523162842 3.9999988079071045 1.5 -9.999999046325684 3.9999985694885254 
2 24 -10.0 -10.000000953674316 19.999998092651367 -10.0 -8.000000953674316 19.999998092651367 
2 24 1.5 -7.999999046325684 -7.251795750562451e-07 -1.5000001192092896 -7.999999046325684 -7.251795750562451e-07 
2 24 -5.893000602722168 -11.623000144958496 8.86999797821045 -5.973000526428223 -11.810999870300293 9.431998252868652 
2 24 -10.0 -13.330998420715332 -1.2084211675755796e-06 -10.000000953674316 -7.999999046325684 -7.251795750562451e-07 
2 24 4.735000133514404 -11.999999046325684 6.314997673034668 4.063999652862549 -11.999999046325684 5.585998058319092 
2 24 10.0 -5.517998218536377 -17.821998596191406 10.0 -6.91799783706665 -15.570000648498535 
2 24 10.0 -14.359997749328613 4.20299768447876 10.0 -14.871999740600586 6.803997993469238 
2 24 -10.0 -15.290999412536621 9.422999382019043 -10.0 -14.871000289916992 6.804997444152832 
2 24 -2.9489996433258057 -10.257999420166016 4.774998664855957 -2.4220001697540283 -10.169998168945312 4.5099992752075195 
2 24 5.674999713897705 -11.999999046325684 8.052000045776367 5.918000221252441 -11.999999046325684 9.011999130249023 
2 24 -6.0 -7.999999046325684 -7.251795750562451e-07 -6.0 -6.666998863220215 -6.04346496402286e-07 
2 24 5.674999713897705 -11.999999046325684 8.052000045776367 5.277000427246094 -11.999999046325684 7.143998146057129 
2 24 -5.0 -16.0 19.999996185302734 -7.5 -16.0 19.999996185302734 
2 24 3.7709999084472656 -10.444999694824219 5.333998680114746 3.295999765396118 -10.329000473022461 4.986998558044434 
2 24 1.5 -9.999999046325684 3.9999985694885254 1.5 -9.999999046325684 -9.064744972420158e-07 
2 24 0.0 -8.000000953674316 19.999998092651367 5.0 -8.000000953674316 19.999998092651367 
2 24 -0.09399998933076859 -9.999999046325684 4.000998497009277 0.0 -9.999999046325684 3.9999985694885254 
2 24 0.4949999451637268 -11.999998092651367 4.019998550415039 1.472999930381775 -11.999998092651367 4.183998107910156 
2 24 4.25 1.2917261074107955e-06 -14.249998092651367 3.0949997901916504 1.3964239542474388e-06 -15.404998779296875 
2 24 8.875 -3.999997615814209 -19.999998092651367 9.25 -3.999997615814209 -19.999998092651367 
2 24 7.5 -16.0 19.999996185302734 5.0 -16.0 19.999996185302734 
2 24 -6.0 -5.3329997062683105 -4.834228661820816e-07 -6.0 -6.666998863220215 -6.04346496402286e-07 
2 24 -10.0 -16.0 19.999996185302734 -10.0 -14.000000953674316 19.999996185302734 
2 24 -1.5000001192092896 -7.999999046325684 -7.251795750562451e-07 -1.5 -9.999999046325684 -9.064744972420158e-07 
2 24 -10.000000953674316 -7.999999046325684 -7.251795750562451e-07 -10.0 -8.000000953674316 19.999998092651367 
2 24 10.0 -13.756999969482422 1.620998740196228 10.0 -13.066998481750488 -0.9360010623931885 
2 24 7.0 1.8129489944840316e-06 -19.999998092651367 7.75 1.8129489944840316e-06 -19.999998092651367 
2 24 10.0 -13.756999969482422 1.620998740196228 10.0 -14.359997749328613 4.20299768447876 
2 24 -4.341000080108643 -10.619000434875488 5.857998847961426 -3.9130003452301025 -10.484000205993652 5.450998783111572 
2 24 6.0 -3.9999983310699463 -12.499998092651367 4.25 -3.9999983310699463 -14.249999046325684 
2 24 -1.5 -9.999999046325684 3.9999985694885254 -1.5 -9.999999046325684 -9.064744972420158e-07 
2 24 -1.5 -9.999999046325684 3.9999985694885254 0.0 -9.999999046325684 3.9999985694885254 
2 24 -7.622000217437744 -7.999999046325684 -1.6220004558563232 -7.080999851226807 -7.999999046325684 -1.081000566482544 
2 24 2.5 -16.0 19.999996185302734 5.0 -16.0 19.999996185302734 
2 24 5.540999889373779 -11.233000755310059 7.697997093200684 5.739999771118164 -11.418000221252441 8.252997398376465 
2 24 -5.277000427246094 -11.999999046325684 7.143998146057129 -4.7350006103515625 -11.999999046325684 6.314998149871826 
2 24 8.0 -7.999999046325684 -7.251795750562451e-07 6.0 -7.999999046325684 -7.251795750562451e-07 
2 24 10.0 -10.000000953674316 19.999998092651367 10.0 -8.000000953674316 19.999998092651367 
2 24 -8.161999702453613 -3.9999992847442627 -2.1620001792907715 -8.161999702453613 -1.9999995231628418 -2.1619999408721924 
2 24 7.0 -0.6669981479644775 -19.999998092651367 7.0 -1.3329981565475464 -19.999998092651367 
2 24 2.5 -16.0 19.999996185302734 0.0 -16.0 19.999996185302734 
2 24 -8.161999702453613 -1.9999995231628418 -2.1619999408721924 -8.16200065612793 1.9597979417085298e-07 -2.1619999408721924 
2 24 -6.0 -11.999999046325684 9.999998092651367 -6.0 -9.999999046325684 3.9999985694885254 
2 24 0.4949999451637268 -11.999998092651367 4.019998550415039 -0.4949999451637268 -11.999998092651367 4.019998550415039 
2 24 8.125 -3.999997615814209 -19.999998092651367 7.75 -3.999997615814209 -19.999998092651367 
2 24 1.5 -9.999999046325684 -9.064744972420158e-07 6.0 -9.999999046325684 -9.064744972420158e-07 
2 24 9.25 1.8129489944840316e-06 -19.999998092651367 8.5 1.8129489944840316e-06 -19.999998092651367 
2 24 -5.0 -8.000000953674316 19.999998092651367 -10.0 -8.000000953674316 19.999998092651367 
2 24 6.0 0.0 0.0 2.0 0.0 0.0 
2 24 -4.25 5.21222887073236e-07 -5.75 -4.716000080108643 5.634645958707551e-07 -6.215999603271484 
2 24 4.980000019073486 -10.884000778198242 6.652997970581055 5.2870001792907715 -11.053999900817871 7.162999153137207 
2 24 2.4100000858306885 -11.999998092651367 4.50499963760376 1.472999930381775 -11.999998092651367 4.183998107910156 
2 24 10.0 -15.615998268127441 12.055996894836426 10.0 -15.843999862670898 14.697996139526367 
2 24 -6.0 -7.999999046325684 -7.251795750562451e-07 -6.0 -9.999999046325684 -9.064744972420158e-07 
2 24 -5.0289998054504395 -11.463996887207031 -5.848999977111816 -2.9489996433258057 -10.511998176574707 -8.294999122619629 
2 24 1.5 -9.999999046325684 3.9999985694885254 0.0 -9.999999046325684 3.9999985694885254 
2 24 3.0949997901916504 1.3964239542474388e-06 -15.404998779296875 7.0 1.8129489944840316e-06 -19.999998092651367 
2 24 6.0 -9.999999046325684 3.9999985694885254 6.0 -11.999999046325684 9.999998092651367 
2 24 -10.0 -13.756999969482422 1.620998740196228 -10.0 -13.330998420715332 -1.2084211675755796e-06 
2 24 -1.5 -7.999999523162842 3.9999988079071045 -1.5000001192092896 -7.999999046325684 -7.251795750562451e-07 
2 24 8.5 -3.999997615814209 -19.999998092651367 8.875 -3.999997615814209 -19.999998092651367 
2 24 -1.5 -7.999999523162842 3.9999988079071045 0.0 -7.999999523162842 3.9999988079071045 
2 24 -5.0289998054504395 -11.463996887207031 -5.848999977111816 -7.117000102996826 -12.31399917602539 -3.392000675201416 
2 24 7.0 -3.999997615814209 -19.999998092651367 5.100999355316162 -5.554998397827148 -17.766000747680664 
2 24 2.4100000858306885 -11.999998092651367 4.50499963760376 3.2820003032684326 -11.999998092651367 4.976999759674072 
2 24 5.100999355316162 -5.554998397827148 -17.766000747680664 3.1469998359680176 -6.977997779846191 -15.466999053955078 
2 24 -6.0 -9.999999046325684 -9.064744972420158e-07 -6.0 -9.999999046325684 3.9999985694885254 
2 24 5.2870001792907715 -11.053999900817871 7.162999153137207 5.540999889373779 -11.233000755310059 7.697997093200684 
2 24 -2.5 3.6258978752812254e-07 -3.999999523162842 6.0 3.6258978752812254e-07 -3.999999523162842 
2 24 -5.674999713897705 -11.999999046325684 8.05199909210205 -5.917999744415283 -11.999999046325684 9.011998176574707 
2 24 -10.0 -15.615998268127441 12.055996894836426 -10.0 -15.843999862670898 14.697996139526367 
2 24 10.0 -6.91799783706665 -15.570000648498535 10.0 -8.203999519348145 -13.251999855041504 
2 24 6.0 -3.9999990463256836 -4.0 6.0 3.6258978752812254e-07 -3.999999523162842 
2 24 -6.0 -3.999999523162842 -3.6258978752812254e-07 -6.0 -2.6670000553131104 -2.417567657175823e-07 
2 24 1.1009999513626099 -10.0339994430542 4.101999282836914 0.5529999732971191 -10.00899887084961 4.025999069213867 
2 24 10.0 -16.0 19.999996185302734 10.0 -14.0 19.999996185302734 
2 24 6.0 -7.999999046325684 -7.251795750562451e-07 6.0 -8.0 9.999998092651367 
2 24 -10.0 -8.000000953674316 19.999998092651367 -10.0 -16.0 19.999996185302734 
2 24 -2.5 3.6258978752812254e-07 -3.999999523162842 -4.716000080108643 5.634645958707551e-07 -6.215999603271484 
2 24 1.5 -7.999999523162842 3.9999988079071045 -1.5 -7.999999523162842 3.9999988079071045 
2 24 10.0 -7.999999046325684 -7.251795750562451e-07 6.0 -7.999999046325684 -7.251795750562451e-07 
2 24 -8.16200065612793 1.9597979417085298e-07 -2.1619999408721924 -8.162001609802246 -7.999999046325684 -2.162000894546509 
2 24 6.0 3.6258978752812254e-07 -3.999999523162842 6.0 -7.06199836730957 -4.0 
2 24 -2.5 -3.9999990463256836 -4.0 -4.716000556945801 -3.9999990463256836 -6.216000556945801 
